Man	PN.UTR.SIN.IND.SUB	1Bert	0.2802526083213729	0.18289011095990787	0.18048449139476544	0.17892321141622558	0.1774495779077282
får	VB.PRS.AKT	1Bert	0.34636322245965134	0.17662084961915714	0.16291129622080153	0.15406269932893232	0.1600419323714577
räkna	VB.INF.AKT	1Bert	0.2765235521652988	0.1965290995443542	0.17912913614204445	0.1803414715959557	0.167476740552347
med	PP	1Bert	0.29880595020834855	0.19599139949581312	0.16438043159844945	0.17988768008496017	0.16093453861242862
i	PP	1Bert	0.36094299418525605	0.1758685299742739	0.15917763523836545	0.1640217874233611	0.13998905317874344
medeltal	NN.NEU.SIN.IND.NOM	1Bert	0.24368606414637553	0.21702965313464276	0.18442364195762578	0.1794680907531139	0.17539255000824194
50	RG.NOM	1Bert	0.28098010721408584	0.190488458134335	0.18461722336362021	0.1791235919706928	0.16479061931726616
dagars	NN.UTR.PLU.IND.GEN	1Bert	0.21430247995242882	0.20289223674050144	0.2059109176006128	0.1892264288887107	0.1876679368177461
arbete	NN.NEU.SIN.IND.NOM	1Bert	0.2709963103767813	0.20919278409729403	0.17776416520623387	0.17298755731770077	0.1690591830019901
på	PP	1Bert	0.3539611564626717	0.1803871942704994	0.1600241202906508	0.16489403301926459	0.14073349595691348
varje	DT.UTR+NEU.SIN.IND	1Bert	0.2599037120028466	0.19026899744767675	0.18484484136441748	0.18324584220538498	0.18173660697967414
hål	NN.NEU.SIN.IND.NOM	1Bert	0.2522621962293128	0.21456867114956804	0.1823323919651742	0.17743303364520266	0.17340370701074237
.	MAD	1Bert	0.37999267766175654	0.17359407743415614	0.15007837343760497	0.148780121394733	0.14755475007174934

För	PP	1Bert	0.3251757762270066	0.1857116707056194	0.16808660755514784	0.17320188085367036	0.14782406465855594
att	IE	1Bert	0.3165309645744839	0.18212633379295912	0.1685449481051895	0.1670869510721641	0.1657108024552034
sköta	VB.INF.AKT	1Bert	0.2776900399150797	0.19621222843157632	0.17884031963175734	0.18005070039252014	0.16720671162906653
en	DT.UTR.SIN.IND	1Bert	0.30057801469948425	0.207311885555405	0.16031144898305727	0.17418289809553456	0.15761575266651895
rigg	NN.UTR.SIN.IND.NOM	1Bert	0.26217112134368215	0.20839380501205032	0.1840305031803617	0.17866746700424763	0.1667371034596583
behövs	VB.PRS.SFO	1Bert	0.26633867032373215	0.19083344821876605	0.199627945937313	0.16416786770937908	0.17903206781080974
ett	DT.NEU.SIN.IND	1Bert	0.2800425694153911	0.20155139722421617	0.17894350247683904	0.16650029496806812	0.17296223591548557
50-tal	NN.NEU.SIN.IND.NOM	1Bert	0.23918688582056963	0.21832072429590396	0.18552074570426696	0.18053571479891287	0.17643592938034655
man	NN.UTR.PLU.IND.NOM	1Bert	0.29681255704536486	0.18438668102206773	0.17578494537369754	0.17358259880476887	0.169433217754101
-	MID	1Bert	0.3199086522493575	0.1908807127996416	0.17517939376715988	0.15766489429292532	0.15636634689091572
det	PN.NEU.SIN.DEF.SUB+OBJ	1Bert	0.3157577254999198	0.18363976315891367	0.16829610567895262	0.1668402612557991	0.1654661444064147
är	VB.PRS.AKT	1Bert	0.36874892576899027	0.1705719520147475	0.15733192237243576	0.1487863715629347	0.15456082828089177
entreprenörens	NN.UTR.SIN.DEF.GEN	1Bert	0.24193438988052138	0.20646293635184929	0.1843502926362265	0.18975732876061202	0.17749505237079094
eget	JJ.POS.NEU.SIN.IND+DEF.NOM	1Bert	0.20948256304522977	0.20087300549045276	0.19823085043034275	0.1965160556825277	0.19489752535144708
folk	NN.NEU.SIN.IND.NOM	1Bert	0.2530503975114977	0.21788253394620674	0.18207540562525173	0.17709166635119258	0.1698999965658514
och	KN	1Bert	0.35120914893155025	0.18626360715994927	0.15305486534637694	0.15899118739410245	0.1504811911680212
alltså	AB	1Bert	0.27866026049067216	0.2081968562482468	0.1754544974941805	0.17674657163444973	0.16094181413245082
inga	DT.UTR+NEU.PLU.IND	1Bert	0.23753038881450228	0.193745963383134	0.1911975528773084	0.18954359962655384	0.18798249529850147
lokalanställda	PC.PRF.UTR+NEU.PLU.IND+DEF.NOM	1Bert	0.24735414341999415	0.21266222431884468	0.1873547902100627	0.18000545904278997	0.1726233830083084
.	MAD	1Bert	0.37999267766175654	0.17359407743415614	0.15007837343760497	0.148780121394733	0.14755475007174934

Dessutom	AB	1Bert	0.2745586522441513	0.212682545052929	0.17532317215863022	0.1766142791987541	0.1608213513455353
knyts	VB.PRS.SFO	1Bert	0.2530134155170809	0.19429949477224734	0.20325372412480025	0.16714959589894762	0.18228376968692386
olika	JJ.POS.UTR+NEU.PLU.IND+DEF.NOM	1Bert	0.26968453553863486	0.20192559491296186	0.17527849824021285	0.18568540438484846	0.16742596692334205
serviceföretag	NN.NEU.PLU.IND.NOM	1Bert	0.2252938970695839	0.21932368931992643	0.19974907951789087	0.18006076125488238	0.17557257283771646
till	PP	1Bert	0.3493164241760684	0.18018531699031456	0.15984503200060401	0.1678186728760983	0.14283455395691477
operationen	NN.UTR.SIN.DEF.NOM	1Bert	0.27559408973142585	0.2058459072316615	0.18789747673317397	0.16218405024307325	0.16847847606066546
.	MAD	1Bert	0.37999267766175654	0.17359407743415614	0.15007837343760497	0.148780121394733	0.14755475007174934

Allteftersom	AB	1Bert	0.2633110670416607	0.20759072818760613	0.18019758191813212	0.18172488212739346	0.16717574072520752
borren	NN.UTR.SIN.DEF.NOM	1Bert	0.26764560333099563	0.20810453512387247	0.18995916689516487	0.16396360187213965	0.1703270927778274
äter	VB.PRS.AKT	1Bert	0.30899831773128	0.18671731518815035	0.17222406023841372	0.16286963657668524	0.16919067026547074
sig	PN.UTR+NEU.SIN+PLU.DEF.OBJ	1Bert	0.2807661357620071	0.18490554337101028	0.17963428772054607	0.17808036242364111	0.17661367072279546
ned	AB	1Bert	0.2589425847416504	0.20821012713841	0.17407665391355137	0.18578896768930972	0.17298166651707858
i	PP	1Bert	0.36094299418525605	0.1758685299742739	0.15917763523836545	0.1640217874233611	0.13998905317874344
jorden	NN.UTR.SIN.DEF.NOM	1Bert	0.29543942288268477	0.20020669232613855	0.1827499648600747	0.15774096596771028	0.1638629539633917
dras	VB.PRS.SFO	1Bert	0.25558664663455105	0.1936301688212294	0.20255355250388463	0.16657379634595101	0.1816558356943839
borrör	NN.UTR.SIN.DEF.NOM	1Bert	0.26349436693300504	0.2058020304983578	0.18530060927043027	0.1753141482233785	0.1700888450748284
ner	AB	1Bert	0.2619607692368854	0.21040113702114577	0.17237485464175267	0.183972667095211	0.17129057200500533
i	PP	1Bert	0.36094299418525605	0.1758685299742739	0.15917763523836545	0.1640217874233611	0.13998905317874344
hålet	NN.NEU.SIN.DEF.NOM	1Bert	0.24843549399252413	0.2188006266786602	0.19119179584905907	0.17790372279375902	0.1636683606859975
så	AB	1Bert	0.2964281271779292	0.20057818313392284	0.16903398525910493	0.17349308588504148	0.16046661854400146
att	SN	1Bert	0.3179621320857918	0.19458549151564444	0.1638751999706221	0.1624575985650048	0.16111957786293676
väggarna	NN.UTR.PLU.DEF.NOM	1Bert	0.24512043702567152	0.20785028044699413	0.19673716411923636	0.17181201379761296	0.17848010461048494
inte	AB	1Bert	0.3053255660720026	0.20050057599518856	0.1689685831114743	0.1702128939719782	0.1549923808493564
rasar	VB.PRS.AKT	1Bert	0.3010566317421622	0.18886325827918138	0.17420343227365065	0.16474149817130107	0.1711351795337046
igen	PL	1Bert	0.25719739314709905	0.2060288501900805	0.1716515148915769	0.1880964218252904	0.17702581994595323
.	MAD	1Bert	0.37999267766175654	0.17359407743415614	0.15007837343760497	0.148780121394733	0.14755475007174934

Där	HA	1Bert	0.27235569577119695	0.1887451838458239	0.1782519945743267	0.18348016622583058	0.17716695958282197
oljeförekomster	NN.UTR.PLU.IND.NOM	1Bert	0.27070924115269923	0.20274071703086463	0.18098181476062247	0.17496238247804738	0.17060584457776642
finns	VB.PRS.SFO	1Bert	0.2849273696916795	0.18599832136281924	0.19456999382457596	0.16000836384119352	0.1744959512797319
råder	VB.PRS.AKT	1Bert	0.3106287806700318	0.18627674366676417	0.17181768648479542	0.16248533518770109	0.16879145399070755
ett	DT.NEU.SIN.IND	1Bert	0.2800425694153911	0.20155139722421617	0.17894350247683904	0.16650029496806812	0.17296223591548557
högt	JJ.POS.NEU.SIN.IND.NOM	1Bert	0.2439060726956738	0.2125934903787934	0.1838758268903088	0.1820965524826015	0.17752805755262238
tryck	NN.NEU.SIN.IND.NOM	1Bert	0.2511744869626141	0.21488079704553806	0.18259762482000613	0.17769113956674507	0.17365595160509661
,	MID	1Bert	0.3485735045024709	0.1790729595397991	0.16914310556870324	0.15223211638300593	0.15097831400602085
men	KN	1Bert	0.3269079828088837	0.19324031290841462	0.1587877015948219	0.16494637503360332	0.15611762765427642
för	PP	1Bert	0.3515810510095061	0.18197749723770434	0.15952094705578299	0.16437554703193966	0.142544957665067
att	SN	1Bert	0.3175621045344411	0.19021985667567523	0.16547735418133716	0.1640458933506114	0.16269479125793498
inte	AB	1Bert	0.3053255660720026	0.20050057599518856	0.1689685831114743	0.1702128939719782	0.1549923808493564
oljan	NN.UTR.SIN.DEF.NOM	1Bert	0.26764560333099563	0.20810453512387247	0.18995916689516487	0.16396360187213965	0.1703270927778274
skall	VB.PRS.AKT	1Bert	0.3411473189210922	0.178030252128573	0.16421129896793413	0.15529209186956267	0.16131903811283804
spruta	VB.INF.AKT	1Bert	0.26365046570524864	0.20002601516326912	0.18231644771793903	0.18355035470906264	0.17045671670448057
rätt	AB	1Bert	0.28277219040800783	0.20683891298161552	0.17650959049793746	0.1756096775010709	0.15826962861136823
upp	AB	1Bert	0.271944891812982	0.20755485100461896	0.17004298445647725	0.18148390283666233	0.16897336988925948
i	PP	1Bert	0.36094299418525605	0.1758685299742739	0.15917763523836545	0.1640217874233611	0.13998905317874344
luften	NN.UTR.SIN.DEF.NOM	1Bert	0.28696901876282943	0.20261362743800693	0.18494703081228508	0.1596373674573729	0.16583295552950553
regleras	VB.PRS.SFO	1Bert	0.2530134155170809	0.19429949477224734	0.20325372412480025	0.16714959589894762	0.18228376968692386
trycket	NN.NEU.SIN.DEF.NOM	1Bert	0.2554071687943117	0.2167709847737566	0.18941825942633694	0.17625344940879809	0.16215013759679653
med	PP	1Bert	0.34955014283929997	0.18074798224819802	0.16034418058637276	0.16834272077538726	0.14101497355074208
spolvätska	NN.UTR.SIN.IND.NOM	1Bert	0.26217112134368215	0.20839380501205032	0.1840305031803617	0.17866746700424763	0.1667371034596583
och	KN	1Bert	0.35120914893155025	0.18626360715994927	0.15305486534637694	0.15899118739410245	0.1504811911680212
en	DT.UTR.SIN.IND	1Bert	0.30057801469948425	0.207311885555405	0.16031144898305727	0.17418289809553456	0.15761575266651895
serie	NN.UTR.SIN.IND.NOM	1Bert	0.2774136353766802	0.20408868008515563	0.18022869003862782	0.17497644669881848	0.16329254780071784
olika	JJ.POS.UTR+NEU.PLU.IND+DEF.NOM	1Bert	0.26968453553863486	0.20192559491296186	0.17527849824021285	0.18568540438484846	0.16742596692334205
ventiler	NN.UTR.PLU.IND.NOM	1Bert	0.25868788487058403	0.20926950128521873	0.18340482915111717	0.17949407926581867	0.16914370542726148
.	MAD	1Bert	0.37999267766175654	0.17359407743415614	0.15007837343760497	0.148780121394733	0.14755475007174934

Det	PN.NEU.SIN.DEF.SUB+OBJ	1Bert	0.30860727176472935	0.18202248659063244	0.1712437034881694	0.169762360888365	0.1683641772681037
skall	VB.PRS.AKT	1Bert	0.3411473189210922	0.178030252128573	0.16421129896793413	0.15529209186956267	0.16131903811283804
Bayless	PM.NOM	1Bert	0.25155888994089276	0.21179097966050148	0.19065854359616416	0.17099789837239188	0.17499368843004964
hålla	VB.INF.AKT	1Bert	0.285903726904	0.1939810175708732	0.17680665197157303	0.1780032689892675	0.16530533456428625
reda	PL	1Bert	0.25116340135864473	0.20770247973683006	0.17304588780004002	0.18962438127812548	0.17846384982635963
på	PP	1Bert	0.3539611564626717	0.1803871942704994	0.1600241202906508	0.16489403301926459	0.14073349595691348
.	MAD	1Bert	0.37999267766175654	0.17359407743415614	0.15007837343760497	0.148780121394733	0.14755475007174934

Borrningarna	NN.UTR.PLU.DEF.NOM	1Bert	0.24920573063387877	0.20672542627975649	0.195672452450654	0.17088219325906906	0.17751419737664165
till	PP	1Bert	0.3493164241760684	0.18018531699031456	0.15984503200060401	0.1678186728760983	0.14283455395691477
havs	NN.UTR.SIN.IND.NOM	1Bert	0.2444143245826561	0.20233617741418822	0.18660549600129547	0.19241289040103848	0.17423111160082172
kommer	VB.PRS.AKT	1Bert	0.346623974579098	0.17655039112835744	0.16284630681501686	0.15400123985058284	0.15997808762694496
troligen	AB	1Bert	0.26007117850039685	0.21356213451996492	0.17997599805881104	0.18130136923072213	0.16508931969010504
inte	AB	1Bert	0.3053255660720026	0.20050057599518856	0.1689685831114743	0.1702128939719782	0.1549923808493564
i	PP	1Bert	0.36094299418525605	0.1758685299742739	0.15917763523836545	0.1640217874233611	0.13998905317874344
gång	NN.UTR.SIN.IND.NOM	1Bert	0.2947268246490913	0.19919870966824524	0.17591040564284616	0.1707840061986579	0.15938005384115936
förrän	AB	1Bert	0.26933929225230185	0.20901048835039368	0.17729858848640315	0.17753001775341484	0.1668216131574865
i	PP	1Bert	0.36094299418525605	0.1758685299742739	0.15917763523836545	0.1640217874233611	0.13998905317874344
början	NN.UTR.SIN.DEF.NOM	1Bert	0.2838502937319007	0.20830107221192867	0.18640041109563202	0.15761639434348965	0.163831828617049
av	PP	1Bert	0.35259548923898615	0.17650565795701892	0.16267924316165092	0.16772341090963927	0.14049619873270472
1972	RG.NOM	1Bert	0.2784782134428889	0.1911512796941734	0.18525961543903202	0.17974686846627	0.1653640229576357
.	MAD	1Bert	0.37999267766175654	0.17359407743415614	0.15007837343760497	0.148780121394733	0.14755475007174934

-	MID	1Bert	0.3199086522493575	0.1908807127996416	0.17517939376715988	0.15766489429292532	0.15636634689091572
Ett	DT.NEU.SIN.IND	1Bert	0.26168492765194734	0.20480772407879627	0.18220434279550182	0.17230783580828724	0.17899516966546744
borrtorn	NN.NEU.SIN.IND.NOM	1Bert	0.2488414646872781	0.21487188141363658	0.1873037952383769	0.1745327103117613	0.17445014834894712
,	MID	1Bert	0.3485735045024709	0.1790729595397991	0.16914310556870324	0.15223211638300593	0.15097831400602085
värt	PC.PRF.NEU.SIN.IND.NOM	1Bert	0.23719438769274487	0.2099671242076098	0.19148481902612555	0.18241984782161458	0.1789338212519051
ca	AB.AN	1Bert	0.265566068605581	0.19160542660001934	0.18355129229192488	0.1871252268862388	0.17215198561623604
50	RG.NOM	1Bert	0.28098010721408584	0.190488458134335	0.18461722336362021	0.1791235919706928	0.16479061931726616
milj	NN.AN	1Bert	0.251360223885793	0.20763284956955738	0.18471767639009273	0.18304331779469646	0.1732459323598604
kr	NN.AN	1Bert	0.26376404045444174	0.20419269068158807	0.18165718688895754	0.1800105698557252	0.17037551211928748
,	MID	1Bert	0.3485735045024709	0.1790729595397991	0.16914310556870324	0.15223211638300593	0.15097831400602085
bogseras	VB.PRS.SFO	1Bert	0.24426738505760726	0.1982202122636696	0.20102791475130885	0.17052246284897932	0.185962025078435
ut	PL	1Bert	0.26703214195899605	0.20330101648173074	0.16937883906011658	0.1856060144896108	0.1746819880095457
och	KN	1Bert	0.35120914893155025	0.18626360715994927	0.15305486534637694	0.15899118739410245	0.1504811911680212
förankras	VB.PRS.SFO	1Bert	0.23996372369902458	0.20093164779455255	0.19774382299395193	0.1728550234859711	0.18850578202649995
på	PP	1Bert	0.3539611564626717	0.1803871942704994	0.1600241202906508	0.16489403301926459	0.14073349595691348
botten	NN.UTR.SIN.DEF.NOM	1Bert	0.2820543312155692	0.20401017639293043	0.18622180973936459	0.1607376952167066	0.16697598743542935
.	MAD	1Bert	0.37999267766175654	0.17359407743415614	0.15007837343760497	0.148780121394733	0.14755475007174934

Det	PN.NEU.SIN.DEF.SUB+OBJ	1Bert	0.30860727176472935	0.18202248659063244	0.1712437034881694	0.169762360888365	0.1683641772681037
får	VB.PRS.AKT	1Bert	0.34636322245965134	0.17662084961915714	0.16291129622080153	0.15406269932893232	0.1600419323714577
en	DT.UTR.SIN.IND	1Bert	0.30057801469948425	0.207311885555405	0.16031144898305727	0.17418289809553456	0.15761575266651895
besättning	NN.UTR.SIN.IND.NOM	1Bert	0.26740472161380924	0.20691561690400267	0.1827251299169698	0.1774001350650597	0.16555439650015857
på	PP	1Bert	0.3539611564626717	0.1803871942704994	0.1600241202906508	0.16489403301926459	0.14073349595691348
kanske	AB	1Bert	0.2821376902575667	0.20719318224328487	0.17460866763218394	0.17589451295012398	0.16016594691684052
30-40	RG.NOM	1Bert	0.26710205797230896	0.19416514111418345	0.18818058363004234	0.1825809177758265	0.1679712995076387
man	NN.UTR.PLU.IND.NOM	1Bert	0.30548828742529427	0.1960579312829371	0.17182614365607202	0.1681622866316717	0.1584653510040247
som	HP.-.-.-	1Bert	0.29975653113639095	0.1810152281943991	0.16101333711499885	0.18484734620982765	0.1733675573443833
jobbar	VB.PRS.AKT	1Bert	0.3045199511071373	0.18792742597940443	0.17334024056479688	0.16392519109015113	0.17028719125851016
i	PP	1Bert	0.36094299418525605	0.1758685299742739	0.15917763523836545	0.1640217874233611	0.13998905317874344
skift	NN.NEU.SIN.IND.NOM	1Bert	0.2344348627276581	0.2187484566136954	0.19014535242882297	0.18045196946330747	0.17621935876651607
:	MID	1Bert	0.31648472351317564	0.19205380256438256	0.1779169278911836	0.15742054045253803	0.15612400557872014
två	RG.NOM	1Bert	0.3020107661701645	0.1849168490060111	0.1792173423576373	0.17388439454163768	0.15997064792454935
veckors	NN.UTR.PLU.IND.GEN	1Bert	0.21337210311234964	0.20313248980644447	0.20615474521106966	0.1894504997079215	0.1878901621622147
arbete	NN.NEU.SIN.IND.NOM	1Bert	0.2709963103767813	0.20919278409729403	0.17776416520623387	0.17298755731770077	0.1690591830019901
på	PP	1Bert	0.3539611564626717	0.1803871942704994	0.1600241202906508	0.16489403301926459	0.14073349595691348
plattformen	NN.UTR.SIN.DEF.NOM	1Bert	0.2726061692398667	0.20669494945454045	0.18867248797077577	0.16285300260839242	0.16917339072642473
med	PP	1Bert	0.34955014283929997	0.18074798224819802	0.16034418058637276	0.16834272077538726	0.14101497355074208
10-12	RG.NOM	1Bert	0.26710205797230896	0.19416514111418345	0.18818058363004234	0.1825809177758265	0.1679712995076387
timmars	NN.UTR.PLU.IND.GEN	2Flair	0.20706546119544728	0.2072703545350488	0.20692099581603962	0.190154662786314	0.1885885256671503
arbetsdag	NN.UTR.SIN.IND.NOM	1Bert	0.26740472161380924	0.20691561690400267	0.1827251299169698	0.1774001350650597	0.16555439650015857
följs	VB.PRS.SFO	1Bert	0.2530134155170809	0.19429949477224734	0.20325372412480025	0.16714959589894762	0.18228376968692386
av	PP	1Bert	0.35259548923898615	0.17650565795701892	0.16267924316165092	0.16772341090963927	0.14049619873270472
en	RG.UTR.SIN.IND.NOM	1Bert	0.24884674036177637	0.22137528613101046	0.1737596821672232	0.1851804425050233	0.1708378488349666
veckas	NN.UTR.SIN.IND.GEN	2Flair	0.2019181660407013	0.21063532722870462	0.19248653840332952	0.20571016227117928	0.18924980605608524
ledighet	NN.UTR.SIN.IND.NOM	1Bert	0.27951241818902445	0.20349589583827873	0.17970520814710114	0.17446822017133895	0.16281825765425667
i	PP	1Bert	0.36094299418525605	0.1758685299742739	0.15917763523836545	0.1640217874233611	0.13998905317874344
land	NN.NEU.SIN.IND.NOM	1Bert	0.26544365305196	0.21078615853620522	0.1791181549158515	0.1743051646781512	0.1703468688178321
.	MAD	1Bert	0.37999267766175654	0.17359407743415614	0.15007837343760497	0.148780121394733	0.14755475007174934

Bakgrunden	NN.UTR.SIN.DEF.NOM	1Bert	0.2726061692398667	0.20669494945454045	0.18867248797077577	0.16285300260839242	0.16917339072642473
till	PP	1Bert	0.3493164241760684	0.18018531699031456	0.15984503200060401	0.1678186728760983	0.14283455395691477
beslutet	NN.NEU.SIN.DEF.NOM	1Bert	0.26001074980000294	0.215430758617572	0.1882471464842285	0.1751637303061148	0.1611476147920818
att	IE	1Bert	0.3165309645744839	0.18212633379295912	0.1685449481051895	0.1670869510721641	0.1657108024552034
satsa	VB.INF.AKT	1Bert	0.27139723682689143	0.1979216398826788	0.18039838608225872	0.18161931174508586	0.16866342546308524
pengar	NN.UTR.PLU.IND.NOM	1Bert	0.2832365943273649	0.20233949693162814	0.17733133895459538	0.17355009438930044	0.16354247539711106
på	PP	1Bert	0.3539611564626717	0.1803871942704994	0.1600241202906508	0.16489403301926459	0.14073349595691348
oljeletning	NN.UTR.SIN.IND.NOM	1Bert	0.26217112134368215	0.20839380501205032	0.1840305031803617	0.17866746700424763	0.1667371034596583
i	PP	1Bert	0.36094299418525605	0.1758685299742739	0.15917763523836545	0.1640217874233611	0.13998905317874344
Skåne	PM.NOM	1Bert	0.2572313813086767	0.21695710243740915	0.1889540463746297	0.1691583845157363	0.16769908536354824
och	KN	1Bert	0.35120914893155025	0.18626360715994927	0.15305486534637694	0.15899118739410245	0.1504811911680212
Östersjön	PM.NOM	1Bert	0.2535436279114952	0.21803426734640308	0.18989217960871402	0.16999823476177756	0.16853169037161017
är	VB.PRS.AKT	1Bert	0.36874892576899027	0.1705719520147475	0.15733192237243576	0.1487863715629347	0.15456082828089177
bl_a	AB.AN	1Bert	0.2606640648117395	0.19288430341652293	0.1847764115201054	0.18837420046018333	0.17330101979144893
att	SN	1Bert	0.3179621320857918	0.19458549151564444	0.1638751999706221	0.1624575985650048	0.16111957786293676
Sverige	PM.NOM	1Bert	0.27461933073115624	0.2118782137645462	0.18453069929337623	0.16519844684425758	0.16377330936666373
importerar	VB.PRS.AKT	1Bert	0.29531501379775554	0.19041471541007568	0.1756344631670587	0.16609480200827212	0.17254100561683802
petroleum	NN.NEU.SIN.IND.NOM	1Bert	0.23918688582056963	0.21832072429590396	0.18552074570426696	0.18053571479891287	0.17643592938034655
för	PP	1Bert	0.3515810510095061	0.18197749723770434	0.15952094705578299	0.16437554703193966	0.142544957665067
3-4	RG.NOM	1Bert	0.27476391811768386	0.19213530029868334	0.18621330656297982	0.18067218072392233	0.16621529429673065
miljarder	NN.UTR.PLU.IND.NOM	1Bert	0.281485565313953	0.20283380555129596	0.17776455348122885	0.17397407146200108	0.163942004191521
kronor	NN.UTR.PLU.IND.NOM	1Bert	0.286621533984596	0.20138394174847074	0.17649388565138996	0.17273049814266553	0.16277014047287772
årligen	AB	1Bert	0.25796577255184794	0.21416980781952888	0.18048810479921493	0.18181724720461268	0.16555906762479558
.	MAD	1Bert	0.37999267766175654	0.17359407743415614	0.15007837343760497	0.148780121394733	0.14755475007174934

Det	PN.NEU.SIN.DEF.SUB+OBJ	1Bert	0.30860727176472935	0.18202248659063244	0.1712437034881694	0.169762360888365	0.1683641772681037
är	VB.PRS.AKT	1Bert	0.36874892576899027	0.1705719520147475	0.15733192237243576	0.1487863715629347	0.15456082828089177
en	DT.UTR.SIN.IND	1Bert	0.30057801469948425	0.207311885555405	0.16031144898305727	0.17418289809553456	0.15761575266651895
tung	JJ.POS.UTR.SIN.IND.NOM	1Bert	0.2607414621267498	0.20774321688244707	0.18082614706190503	0.18588358548685488	0.16480558844204318
post	NN.UTR.SIN.IND.NOM	1Bert	0.28195423848310736	0.20280622342647742	0.17909616527768346	0.17387692609293715	0.16226644671979465
i	PP	1Bert	0.36094299418525605	0.1758685299742739	0.15917763523836545	0.1640217874233611	0.13998905317874344
utrikeshandeln	NN.UTR.SIN.DEF.NOM	1Bert	0.26764560333099563	0.20810453512387247	0.18995916689516487	0.16396360187213965	0.1703270927778274
som	HP.-.-.-	1Bert	0.32618084852004775	0.18802681240126012	0.1557019453482203	0.17079021363296598	0.15930018009750566
en	DT.UTR.SIN.IND	1Bert	0.30057801469948425	0.207311885555405	0.16031144898305727	0.17418289809553456	0.15761575266651895
egen	JJ.POS.UTR.SIN.IND+DEF.NOM	1Bert	0.22976366550279853	0.19571951258205442	0.19314514327210988	0.19147434240266908	0.18989733624036811
produktion	NN.UTR.SIN.IND.NOM	1Bert	0.2746525373892373	0.20486852990163643	0.18091736768009498	0.1756450548244117	0.1639165102046196
skulle	VB.PRT.AKT	1Bert	0.27258087197609965	0.19563523324725696	0.17877888449644966	0.17723235885985367	0.17577265142034015
kunna	VB.INF.AKT	1Bert	0.29489195536066404	0.19153940602930342	0.17458121173269825	0.17576276710179514	0.1632246597755392
göra	VB.INF.AKT	1Bert	0.2980544449095312	0.19068033007013785	0.1737981951982384	0.1749744511575008	0.16249257866459174
lättare	JJ.KOM.UTR+NEU.SIN+PLU.IND+DEF.NOM	1Bert	0.2462909021233504	0.20219477606261216	0.18827282173864307	0.1883238032426749	0.17491769683271957
-	MID	1Bert	0.3199086522493575	0.1908807127996416	0.17517939376715988	0.15766489429292532	0.15636634689091572
i	PP	1Bert	0.36094299418525605	0.1758685299742739	0.15917763523836545	0.1640217874233611	0.13998905317874344
bästa	JJ.SUV.UTR+NEU.SIN+PLU.DEF.NOM	1Bert	0.251640034514015	0.18788561306028603	0.19436751565521207	0.183810360719952	0.18229647605053484
fall	NN.NEU.SIN.IND.NOM	1Bert	0.26678507996402456	0.21377767507924886	0.17763638131703902	0.1728632070425442	0.16893765659714335
t_o_m	AB.AN	1Bert	0.25432205340362113	0.19453886177692922	0.18636142051809668	0.18999007123212064	0.1747875930692324
eliminera	VB.INF.AKT	1Bert	0.26365046570524864	0.20002601516326912	0.18231644771793903	0.18355035470906264	0.17045671670448057
.	MAD	1Bert	0.37999267766175654	0.17359407743415614	0.15007837343760497	0.148780121394733	0.14755475007174934

Men	KN	1Bert	0.32097630420626194	0.1949432590138018	0.1601870312375059	0.1663999784910472	0.15749342705138325
varken	KN	1Bert	0.29465377123503883	0.2025002859551225	0.16639672382619045	0.17285051762152823	0.16359870136211982
Jerome	PM.NOM	1Bert	0.2594590853613629	0.214032429385933	0.18724922340381775	0.1719668024775889	0.16729245937129741
Bayless	PM.NOM	1Bert	0.2565893474569752	0.2087361765033713	0.19367335763864638	0.16853148114986452	0.17246963725114262
eller	KN	1Bert	0.3288490076860696	0.19268305736972072	0.1583297985576221	0.16447071196055435	0.15566742442603315
någon	DT.UTR.SIN.IND	1Bert	0.28265826691760015	0.20545181707280313	0.1677291750778009	0.17925199397875735	0.16490874695303848
annan	JJ.POS.UTR.SIN.IND.NOM	1Bert	0.27647163108185857	0.2033227932641554	0.1769784730763355	0.1819282977818234	0.16129880479582723
vet	VB.PRS.AKT	1Bert	0.3286746498184087	0.18140052364576678	0.1673199653720761	0.15823190972532486	0.16437295143842354
alltså	AB	1Bert	0.27866026049067216	0.2081968562482468	0.1754544974941805	0.17674657163444973	0.16094181413245082
om	SN	1Bert	0.3068611157593275	0.19333651900389723	0.1683772685202258	0.168421024242313	0.16300407247423637
hasarden	NN.UTR.SIN.DEF.NOM	1Bert	0.26764560333099563	0.20810453512387247	0.18995916689516487	0.16396360187213965	0.1703270927778274
kommer	VB.PRS.AKT	1Bert	0.346623974579098	0.17655039112835744	0.16284630681501686	0.15400123985058284	0.15997808762694496
att	IE	1Bert	0.3165309645744839	0.18212633379295912	0.1685449481051895	0.1670869510721641	0.1657108024552034
ge	VB.INF.AKT	1Bert	0.2927742956320469	0.19211465870111058	0.17510553364941753	0.17629063759839705	0.16371487441902788
någon	DT.UTR.SIN.IND	1Bert	0.28265826691760015	0.20545181707280313	0.1677291750778009	0.17925199397875735	0.16490874695303848
utdelning	NN.UTR.SIN.IND.NOM	1Bert	0.26740472161380924	0.20691561690400267	0.1827251299169698	0.1774001350650597	0.16555439650015857
.	MAD	1Bert	0.37999267766175654	0.17359407743415614	0.15007837343760497	0.148780121394733	0.14755475007174934

Jerome	PM.NOM	1Bert	0.2594590853613629	0.214032429385933	0.18724922340381775	0.1719668024775889	0.16729245937129741
Bayless	PM.NOM	1Bert	0.2550013501659415	0.2176084776879218	0.18952134741206944	0.16966625258667	0.1682025721473973
leder	VB.PRS.AKT	1Bert	0.3202823940637178	0.18366821633465202	0.16941163663384007	0.16020997096583797	0.16642778200195207
oljeborrningarna	NN.UTR.PLU.DEF.NOM	1Bert	0.24512043702567152	0.20785028044699413	0.19673716411923636	0.17181201379761296	0.17848010461048494
i	PP	1Bert	0.36094299418525605	0.1758685299742739	0.15917763523836545	0.1640217874233611	0.13998905317874344
Skåne	PM.NOM	1Bert	0.2572313813086767	0.21695710243740915	0.1889540463746297	0.1691583845157363	0.16769908536354824
.	MAD	1Bert	0.37999267766175654	0.17359407743415614	0.15007837343760497	0.148780121394733	0.14755475007174934

10000-tals	RG.NOM	1Bert	0.23977845621375143	0.20131408512288726	0.19346020600023991	0.18571013845913395	0.17973711420398736
svenskar	NN.UTR.PLU.IND.NOM	1Bert	0.27025884779823894	0.2060030638537498	0.18054210718077676	0.17669239925205582	0.1665035819151786
har	VB.PRS.AKT	1Bert	0.3620533951140502	0.17238116831585082	0.15900070481455453	0.15036451337132767	0.15620021838421683
obotliga	JJ.POS.UTR+NEU.PLU.IND+DEF.NOM	1Bert	0.24430362635948674	0.20442727964975999	0.1807211722492227	0.19316831396525003	0.1773796077762806
hörfel	NN.NEU.PLU.IND.NOM	1Bert	0.2252938970695839	0.21932368931992643	0.19974907951789087	0.18006076125488238	0.17557257283771646
.	MAD	1Bert	0.37999267766175654	0.17359407743415614	0.15007837343760497	0.148780121394733	0.14755475007174934

Ännu	AB	1Bert	0.2550555971393472	0.2150097578996752	0.18119595899974397	0.18253031415329377	0.1662083718079397
fler	PN.UTR+NEU.PLU.IND.SUB+OBJ	1Bert	0.2337208937982216	0.2142136417592533	0.1846286575447967	0.18022117660927633	0.187215630288452
riskerar	VB.PRS.AKT	1Bert	0.3120208016752634	0.18590060214431667	0.17147074158493497	0.1621572347488066	0.1684506198466784
få	VB.INF.AKT	1Bert	0.30456548213777657	0.1889116363035383	0.1721860950703421	0.17335144043079073	0.16098534605755233
det	PN.NEU.SIN.DEF.SUB+OBJ	1Bert	0.3157577254999198	0.18363976315891367	0.16829610567895262	0.1668402612557991	0.1654661444064147
.	MAD	1Bert	0.37999267766175654	0.17359407743415614	0.15007837343760497	0.148780121394733	0.14755475007174934

En	DT.UTR.SIN.IND	1Bert	0.2843471567577263	0.20775641714148582	0.16642064223287284	0.17785356629596896	0.16362221757194603
svensk	JJ.POS.UTR.SIN.IND.NOM	1Bert	0.2669727696513917	0.205992121962019	0.1793019396660994	0.18431674827685263	0.16341642044363716
soldat	NN.UTR.SIN.IND.NOM	1Bert	0.2746525373892373	0.20486852990163643	0.18091736768009498	0.1756450548244117	0.1639165102046196
kan	VB.PRS.AKT	1Bert	0.35584263031406405	0.1740593948071541	0.16054866505616716	0.1518283954888297	0.15772091433378502
bli	VB.INF.AKT	1Bert	0.29660837091241093	0.19107314952041726	0.1741562358596544	0.175334915017047	0.16282732869047029
hörselskadad	PC.PRF.UTR.SIN.IND.NOM	1Bert	0.22903208751878526	0.2192654808207131	0.19193998312696733	0.1848276706887886	0.17493477784474581
vid	PP	1Bert	0.33366821450580203	0.18337455113350098	0.16597129353726453	0.1710221928236569	0.1459637479997755
sin	PS.UTR.SIN.DEF	1Bert	0.25526300482508624	0.1856393481524216	0.1831975668793289	0.19578304811875663	0.1801170320244067
första	RO.NOM	1Bert	0.2545095793197906	0.18506570740060535	0.18263147143113068	0.18971493936278788	0.18807830248568552
skjutning	NN.UTR.SIN.IND.NOM	1Bert	0.26217112134368215	0.20839380501205032	0.1840305031803617	0.17866746700424763	0.1667371034596583
.	MAD	1Bert	0.37999267766175654	0.17359407743415614	0.15007837343760497	0.148780121394733	0.14755475007174934

Flertalet	NN.NEU.PLU.DEF.NOM	1Bert	0.24156539589791787	0.215807898019934	0.19442466633765731	0.17701752434710127	0.17118451539738958
värnpliktiga	JJ.POS.UTR+NEU.PLU.IND+DEF.NOM	1Bert	0.25675731390369894	0.2010583691255413	0.17774293245567538	0.18998494838420796	0.17445643613087636
är	VB.PRS.AKT	1Bert	0.36874892576899027	0.1705719520147475	0.15733192237243576	0.1487863715629347	0.15456082828089177
dömda	PC.PRF.UTR+NEU.PLU.IND+DEF.NOM	1Bert	0.238933989588502	0.2124782073832028	0.19063565987398054	0.18165822630626102	0.1762939168480536
till	PP	1Bert	0.321625695471585	0.18844339798202273	0.16243911494956423	0.17421346005754845	0.15327833153927972
för	AB	1Bert	0.3361337169141459	0.18930439913582772	0.162027240043281	0.16571221955683405	0.14682242434991136
tidig	JJ.POS.UTR.SIN.IND.NOM	1Bert	0.25364328637643935	0.20973791533883376	0.1825623945400734	0.18766839322499665	0.16638801051965676
hörselnedsättning	NN.UTR.SIN.IND.NOM	1Bert	0.26217112134368215	0.20839380501205032	0.1840305031803617	0.17866746700424763	0.1667371034596583
.	MAD	1Bert	0.37999267766175654	0.17359407743415614	0.15007837343760497	0.148780121394733	0.14755475007174934

Det	PN.NEU.SIN.DEF.SUB+OBJ	1Bert	0.30860727176472935	0.18202248659063244	0.1712437034881694	0.169762360888365	0.1683641772681037
är	VB.PRS.AKT	1Bert	0.36874892576899027	0.1705719520147475	0.15733192237243576	0.1487863715629347	0.15456082828089177
skrämmande	PC.PRS.UTR+NEU.SIN+PLU.IND+DEF.NOM	1Bert	0.24961749559837007	0.21291327723125408	0.18069021989665	0.17912716026497474	0.17765184700875117
fakta	NN.NEU.PLU.IND.NOM	1Bert	0.22892804215946763	0.21970985759201164	0.19969949341669743	0.17965368613545482	0.17200892069636853
som	HP.-.-.-	1Bert	0.32618084852004775	0.18802681240126012	0.1557019453482203	0.17079021363296598	0.15930018009750566
Expressen	PM.NOM	1Bert	0.24911996567042383	0.21932638566943555	0.19101752182055617	0.17100568114482653	0.16953044569475775
kan	VB.PRS.AKT	1Bert	0.35584263031406405	0.1740593948071541	0.16054866505616716	0.1518283954888297	0.15772091433378502
redovisa	VB.INF.AKT	1Bert	0.26848569941212946	0.1987125458314839	0.1811192681282638	0.18234507267836345	0.16933741394975943
i	PP	1Bert	0.36094299418525605	0.1758685299742739	0.15917763523836545	0.1640217874233611	0.13998905317874344
dag	NN.UTR.SIN.IND.NOM	1Bert	0.2949122018778994	0.19914635136784334	0.1758641685468438	0.1707391165489444	0.15933816165846906
.	MAD	1Bert	0.37999267766175654	0.17359407743415614	0.15007837343760497	0.148780121394733	0.14755475007174934

Problemet	NN.NEU.SIN.DEF.NOM	1Bert	0.2527890415174851	0.2175331919885934	0.19008428935699057	0.1768731894119146	0.1627202877250162
blir	VB.PRS.AKT	1Bert	0.3405575119857014	0.17818962535483487	0.16435830142505736	0.15543110982520952	0.161463451409197
bara	AB	1Bert	0.2884306283569856	0.20537688146696131	0.17307800984151994	0.17435258315801705	0.15876189717651615
värre	JJ.KOM.UTR+NEU.SIN+PLU.IND+DEF.NOM	1Bert	0.23919581939756573	0.20408866917725582	0.18824702582587297	0.1919123912366802	0.17655609436262526
och	KN	1Bert	0.35120914893155025	0.18626360715994927	0.15305486534637694	0.15899118739410245	0.1504811911680212
värre	JJ.KOM.UTR+NEU.SIN+PLU.IND+DEF.NOM	1Bert	0.23919581939756573	0.20408866917725582	0.18824702582587297	0.1919123912366802	0.17655609436262526
.	MAD	1Bert	0.37999267766175654	0.17359407743415614	0.15007837343760497	0.148780121394733	0.14755475007174934

Markpersonalen	NN.UTR.SIN.DEF.NOM	1Bert	0.26764560333099563	0.20810453512387247	0.18995916689516487	0.16396360187213965	0.1703270927778274
vid	PP	1Bert	0.33366821450580203	0.18337455113350098	0.16597129353726453	0.1710221928236569	0.1459637479997755
flygvapnet	NN.NEU.SIN.DEF.NOM	1Bert	0.24843549399252413	0.2188006266786602	0.19119179584905907	0.17790372279375902	0.1636683606859975
,	MID	1Bert	0.3485735045024709	0.1790729595397991	0.16914310556870324	0.15223211638300593	0.15097831400602085
artillerister	NN.UTR.PLU.IND.NOM	1Bert	0.25868788487058403	0.20926950128521873	0.18340482915111717	0.17949407926581867	0.16914370542726148
och	KN	1Bert	0.35120914893155025	0.18626360715994927	0.15305486534637694	0.15899118739410245	0.1504811911680212
pansarvärnssoldater	NN.UTR.PLU.IND.NOM	1Bert	0.25868788487058403	0.20926950128521873	0.18340482915111717	0.17949407926581867	0.16914370542726148
är	VB.PRS.AKT	1Bert	0.36874892576899027	0.1705719520147475	0.15733192237243576	0.1487863715629347	0.15456082828089177
värst	AB.SUV	1Bert	0.23592870975312485	0.2010783311988943	0.19407817916442482	0.17835247007028146	0.19056230981327463
utsatta	PC.PRF.UTR+NEU.PLU.IND+DEF.NOM	1Bert	0.23176562805554055	0.2173831115873092	0.19346037008992856	0.17946957109162148	0.1779213191756002
.	MAD	1Bert	0.37999267766175654	0.17359407743415614	0.15007837343760497	0.148780121394733	0.14755475007174934

För	PP	1Bert	0.3251757762270066	0.1857116707056194	0.16808660755514784	0.17320188085367036	0.14782406465855594
en	DT.UTR.SIN.IND	1Bert	0.30057801469948425	0.207311885555405	0.16031144898305727	0.17418289809553456	0.15761575266651895
pansarvärnskanon	NN.UTR.SIN.IND.NOM	1Bert	0.26217112134368215	0.20839380501205032	0.1840305031803617	0.17866746700424763	0.1667371034596583
finns	VB.PRS.SFO	1Bert	0.2849273696916795	0.18599832136281924	0.19456999382457596	0.16000836384119352	0.1744959512797319
ingen	DT.UTR.SIN.IND	1Bert	0.2758476963795208	0.20740241331978065	0.16932162582404794	0.18095384442573736	0.16647442005091317
ljudmätare	NN.UTR.SIN.IND.NOM	1Bert	0.2405002946121836	0.20691887875339915	0.19219469152278543	0.18553847626440909	0.17484765884722292
snabb	JJ.POS.UTR.SIN.IND.NOM	1Bert	0.25807595435267044	0.20849226627618886	0.18147814291458325	0.18655381669394294	0.16539981976261445
nog	AB	1Bert	0.2742783654541461	0.21276471862633703	0.1753909112932824	0.1766825171749032	0.1608834874513313
.	MAD	1Bert	0.37999267766175654	0.17359407743415614	0.15007837343760497	0.148780121394733	0.14755475007174934

Mätningar	NN.UTR.PLU.IND.NOM	1Bert	0.25868788487058403	0.20926950128521873	0.18340482915111717	0.17949407926581867	0.16914370542726148
med	PP	1Bert	0.34955014283929997	0.18074798224819802	0.16034418058637276	0.16834272077538726	0.14101497355074208
oscilloskop	NN.NEU.SIN.IND.NOM	1Bert	0.2344348627276581	0.21874845661369538	0.19014535242882294	0.18045196946330744	0.17621935876651604
har	VB.PRS.AKT	1Bert	0.3620533951140502	0.17238116831585082	0.15900070481455453	0.15036451337132767	0.15620021838421683
gett	VB.SUP.AKT	1Bert	0.2607629590232123	0.1946184257996826	0.18309375190510274	0.1815099005346272	0.18001496273737505
värden	NN.NEU.PLU.IND.NOM	1Bert	0.2252938970695839	0.21932368931992643	0.19974907951789087	0.18006076125488238	0.17557257283771646
på	PP	1Bert	0.3539611564626717	0.1803871942704994	0.1600241202906508	0.16489403301926459	0.14073349595691348
170	RG.NOM	1Bert	0.26710205797230896	0.19416514111418345	0.18818058363004234	0.1825809177758265	0.1679712995076387
decibel	NN.NEU.PLU.IND.NOM	1Bert	0.24808032014985895	0.21253061257850572	0.18900995630657208	0.17970394597944137	0.1706751649856219
(	PAD	1Bert	0.29958583536466254	0.18616306709568192	0.17833770237506044	0.16865121361985302	0.16726218154474226
!	MAD	1Bert	0.34577711974765185	0.18086119813270976	0.15913809034825416	0.15776146728017928	0.15646212449120503
)	PAD	1Bert	0.29977351707083233	0.1861131831786761	0.17828991532855828	0.16860602214726722	0.167217362274666
.	MAD	1Bert	0.37999267766175654	0.17359407743415614	0.15007837343760497	0.148780121394733	0.14755475007174934

Som	KN	1Bert	0.3035223740369202	0.19995416813359834	0.1643045506621931	0.1706771983034835	0.16154170886380498
jämförelse	NN.UTR.SIN.IND.NOM	1Bert	0.26740472161380924	0.20691561690400267	0.1827251299169698	0.1774001350650597	0.16555439650015857
kan	VB.PRS.AKT	1Bert	0.35584263031406405	0.1740593948071541	0.16054866505616716	0.1518283954888297	0.15772091433378502
nämnas	VB.INF.SFO	1Bert	0.23581252155382207	0.20355215929843354	0.19456171623232102	0.17510936511169525	0.19096423780372826
att	SN	1Bert	0.3179621320857918	0.19458549151564444	0.1638751999706221	0.1624575985650048	0.16111957786293676
en	DT.UTR.SIN.IND	1Bert	0.30057801469948425	0.207311885555405	0.16031144898305727	0.17418289809553456	0.15761575266651895
jetmotor	NN.UTR.SIN.IND.NOM	1Bert	0.26217112134368215	0.20839380501205032	0.1840305031803617	0.17866746700424763	0.1667371034596583
vid	PP	1Bert	0.33366821450580203	0.18337455113350098	0.16597129353726453	0.1710221928236569	0.1459637479997755
fullt	JJ.POS.NEU.SIN.IND.NOM	1Bert	0.24492095250937823	0.20931713500575166	0.18464092413810065	0.18285424626700492	0.17826674207976456
pådrag	NN.NEU.SIN.IND.NOM	1Bert	0.24368606414637553	0.21702965313464276	0.18442364195762578	0.1794680907531139	0.17539255000824194
når	VB.PRS.AKT	1Bert	0.3120208016752634	0.18590060214431667	0.17147074158493497	0.1621572347488066	0.1684506198466784
upp	AB	1Bert	0.27950892364018404	0.20824967041433987	0.1711166178183463	0.177587972231417	0.16353681589571278
till	PP	1Bert	0.3493164241760684	0.18018531699031456	0.15984503200060401	0.1678186728760983	0.14283455395691477
110	RG.NOM	1Bert	0.27476391811768386	0.19213530029868334	0.18621330656297982	0.18067218072392233	0.16621529429673065
...	MAD	1Bert	0.3344076617061634	0.1840043071030197	0.16190368277192355	0.1605031359636619	0.15918121245523154

Sveriges	PM.GEN	1Bert	0.2337690990872402	0.20672334960351849	0.2003517230493528	0.18032048494223876	0.17883534331764972
främste	JJ.SUV.UTR+NEU.SIN+PLU.DEF.NOM	1Bert	0.24188925261198913	0.19696622976338468	0.19476148627710543	0.18563551526936736	0.1807475160781534
expert	NN.UTR.SIN.IND.NOM	1Bert	0.25591465396278457	0.2093591802882859	0.18171760691449748	0.18085702938926423	0.17215152944516762
på	PP	1Bert	0.3539611564626717	0.1803871942704994	0.1600241202906508	0.16489403301926459	0.14073349595691348
området	NN.NEU.SIN.DEF.NOM	1Bert	0.26478333124354936	0.21404133189188715	0.1870330412281476	0.17403400690997706	0.16010828872643887
