I	PP	1Bert	0.35059836503516073	0.1849537024090349	0.16092519445106332	0.16314051955712472	0.14038221854761634
riksdagens	NN.UTR.SIN.DEF.GEN	1Bert	0.25895092897616545	0.19857409443361906	0.18096941889245324	0.1914029675153097	0.17010259018245252
andra	RO.NOM	1Bert	0.27639378746570775	0.19423882626697522	0.18218065191917482	0.17190814981872307	0.1752785845294191
kammare	NN.UTR.SIN.IND.NOM	1Bert	0.2727879573372132	0.2046521939851576	0.18321935489914234	0.1763204742518552	0.1630200195266315
finns	VB.PRS.SFO	1Bert	0.28031681597678487	0.19183793959081588	0.18228555862087506	0.1721759522887186	0.17338373352280545
idag	AB	1Bert	0.29005077565566056	0.20484532491517193	0.17272718341990753	0.17487084125248062	0.15750587475677938
32	RG.NOM	1Bert	0.27401696536726433	0.2034466702885826	0.1815168602070676	0.1736203983519221	0.1673991057851634
kvinnliga	JJ.POS.UTR+NEU.PLU.IND+DEF.NOM	1Bert	0.2593006423227021	0.20817496225268178	0.17940021984697221	0.18476340693186666	0.16836076864577731
ledamöter	NN.UTR.PLU.IND.NOM	1Bert	0.28370360241400705	0.19944288592119228	0.18058516783945333	0.17382667911831232	0.16244166470703492
,	MID	1Bert	0.37059250537401855	0.1729526908156544	0.1702597698757801	0.1436936810545543	0.14250135287999255
därav	AB	1Bert	0.27233003716957616	0.2099583813260317	0.17703855265853005	0.17923571741603816	0.16143731142982387
24	RG.NOM	1Bert	0.2862361718055519	0.20002240726197343	0.17846170343192064	0.17069814894917526	0.16458156855137882
socialdemokrater	NN.UTR.PLU.IND.NOM	1Bert	0.2693472405684512	0.20344021753901997	0.18420454387175064	0.17731059822253237	0.16569739979824583
,	MID	1Bert	0.37059250537401855	0.1729526908156544	0.1702597698757801	0.1436936810545543	0.14250135287999255
men	KN	1Bert	0.3390235559003768	0.18529717555686692	0.15501097981900067	0.16394792952528947	0.15672035919846605
201	RG.NOM	1Bert	0.26625821587703025	0.20562095215756576	0.18345677309678537	0.17547591991777892	0.16918813895083964
män	NN.UTR.PLU.IND.NOM	1Bert	0.28615245380203286	0.1987610369133431	0.17996778899961713	0.17323240598519404	0.16188631429981296
,	MID	1Bert	0.37059250537401855	0.1729526908156544	0.1702597698757801	0.1436936810545543	0.14250135287999255
därav	AB	1Bert	0.27233003716957616	0.2099583813260317	0.17703855265853005	0.17923571741603816	0.16143731142982387
89	RG.NOM	1Bert	0.27110135533534885	0.20426372953729255	0.18224584746067368	0.17431767273855583	0.16807139492812911
socialdemokrater	NN.UTR.PLU.IND.NOM	1Bert	0.2693472405684512	0.20344021753901997	0.18420454387175064	0.17731059822253237	0.16569739979824583
.	MAD	1Bert	0.40106802563545346	0.16332386561626525	0.15564720220171135	0.14056363124122911	0.1393972753053408

Proportionerna	NN.UTR.PLU.DEF.NOM	1Bert	0.25681305124054243	0.21138858416949782	0.1945391870149714	0.16550727514256705	0.17175190243242136
valda	PC.PRF.UTR+NEU.PLU.IND+DEF.NOM	1Bert	0.23137187736740542	0.2194549435522733	0.197913829437658	0.184152983795782	0.16710636584688132
förtroendekvinnor	NN.UTR.PLU.IND.NOM	1Bert	0.2641757206808415	0.20488015616562733	0.18550833346225598	0.17856559284638793	0.16687019684488744
i	PP	1Bert	0.3854966169571217	0.17243064038954567	0.1531724808882743	0.155281080748147	0.13361918101691142
kommunala	JJ.POS.UTR+NEU.PLU.IND+DEF.NOM	1Bert	0.26222281707579687	0.20735367948442227	0.17869245793560726	0.1840344864090716	0.167696559095102
församlingar	NN.UTR.PLU.IND.NOM	1Bert	0.27472527925279117	0.20194277659220608	0.18284868891878475	0.17600548680801292	0.16447776842820513
är	VB.PRS.AKT	1Bert	0.3887593373305644	0.16939221413500016	0.15719018203968477	0.1396937938742304	0.1449644726205204
inte	AB	1Bert	0.3211368110509762	0.19587591019856476	0.16516410263411863	0.16721389766499578	0.15060927845134467
bättre	JJ.KOM.UTR+NEU.SIN+PLU.IND+DEF.NOM	1Bert	0.2645216120376831	0.20668755373521439	0.18176756655055645	0.17667704409999893	0.1703462235765471
,	MID	1Bert	0.37059250537401855	0.1729526908156544	0.1702597698757801	0.1436936810545543	0.14250135287999255
snarare	AB.KOM	1Bert	0.24749437208423103	0.20432182701043095	0.1918113869045126	0.1789849404160381	0.17738747358478735
sämre	JJ.KOM.UTR+NEU.SIN+PLU.IND+DEF.NOM	1Bert	0.2567753701097585	0.20608307940601892	0.18463805763088975	0.17946714515495055	0.1730363476983823
.	MAD	1Bert	0.40106802563545346	0.16332386561626525	0.15564720220171135	0.14056363124122911	0.1393972753053408

Kvinnan	NN.UTR.SIN.DEF.NOM	1Bert	0.27846988297623765	0.2069978874510488	0.1783858448428688	0.17091492780411832	0.16523145692572658
har	VB.PRS.AKT	1Bert	0.38174184690251556	0.17133696080170088	0.1589948404422022	0.14129758092774383	0.14662877092583745
sålunda	AB	1Bert	0.27613248091066583	0.2088612425491924	0.17611343664320145	0.17829912010313362	0.1605937197938067
långt	AB.POS	1Bert	0.2524323910099866	0.21194496857648099	0.17644271874541917	0.17828016777167896	0.18089975389643445
att	IE	1Bert	0.3369958472287893	0.17243727473898998	0.15979388435878064	0.17348682503393933	0.15728616863950073
gå	VB.INF.AKT	1Bert	0.31117164988635243	0.19266146363296296	0.1684828550682565	0.1697877760852187	0.1578962553272095
innan	SN	1Bert	0.300093686134004	0.1997761060826813	0.16383869582442936	0.1750240088593462	0.1612675030995392
hon	PN.UTR.SIN.DEF.SUB	1Bert	0.28955912949296564	0.19073121645885718	0.174583817761398	0.17328183917552042	0.1718439971112587
vinner	VB.PRS.AKT	1Bert	0.316835934785851	0.18932423952081895	0.17568641998554146	0.1561312686422468	0.16202213706554178
det	DT.NEU.SIN.DEF	1Bert	0.29849898869582725	0.20505979461594306	0.16676735217143032	0.16552366576260488	0.16415019875419437
politiska	JJ.POS.UTR+NEU.SIN.DEF.NOM	1Bert	0.2695415103535864	0.2041247938653023	0.1841421364767993	0.17358902972744392	0.16860252957686803
inflytande	NN.NEU.SIN.IND.NOM	1Bert	0.25014550597628615	0.2144634907423477	0.18254727595247713	0.1785911133430567	0.1742526139858322
hennes	PS.UTR+NEU.SIN+PLU.DEF	1Bert	0.2585098655457299	0.18611699861578854	0.19231910286993228	0.1822832831924099	0.1807707497761394
ställning	NN.UTR.SIN.IND.NOM	1Bert	0.29469812112714205	0.19848623023988676	0.1776991409315269	0.1710081165848529	0.15810839111659136
i	PP	1Bert	0.3854966169571217	0.17243064038954567	0.1531724808882743	0.155281080748147	0.13361918101691142
samhällsarbetet	NN.NEU.SIN.DEF.NOM	1Bert	0.2610818153818823	0.21719146998317687	0.18800287793361756	0.17368765393795763	0.1600361827633657
och	KN	1Bert	0.3671730122028623	0.17740579789450978	0.14840942110723096	0.15696576681850544	0.1500460019768914
vid	PP	1Bert	0.354928333961998	0.17837472215572706	0.1617044477530283	0.16393050019988745	0.14106199592935914
rösturnorna	NN.UTR.PLU.DEF.NOM	1Bert	0.25681305124054243	0.21138858416949782	0.1945391870149714	0.16550727514256705	0.17175190243242136
motiverar	VB.PRS.AKT	1Bert	0.31042009011207594	0.19110225299605257	0.17733635568812486	0.15759755473563797	0.16354374646810857
.	MAD	1Bert	0.40106802563545346	0.16332386561626525	0.15564720220171135	0.14056363124122911	0.1393972753053408

Det	PN.NEU.SIN.DEF.SUB+OBJ	1Bert	0.32810868179979313	0.18311888262763612	0.16419121167775355	0.16296673712830884	0.16161448676650825
kanske	AB	1Bert	0.2946357819115099	0.20352238932483452	0.17161167376178105	0.1737414873865774	0.15648866761529712
också	AB	1Bert	0.30883858034951595	0.19942438236747081	0.16815620217767857	0.1702431311297799	0.15333770397555463
bör	VB.PRS.AKT	1Bert	0.3468739735927866	0.18099984258106297	0.16796166429347645	0.14926633334302	0.15489818618965404
påpekas	VB.INF.SFO	1Bert	0.24536877342383412	0.2001718343940691	0.18510157138612007	0.1843562401462311	0.18500158064974556
att	SN	1Bert	0.3374752727788356	0.18690492893996064	0.15492512529617108	0.16820085583044433	0.15249381715458843
vi	PN.UTR.PLU.DEF.SUB	1Bert	0.2911042641566426	0.1800399001985291	0.17765625501293764	0.17633136337842104	0.1748682172534696
fick	VB.PRT.AKT	1Bert	0.28825740305906883	0.1999062177758812	0.18016245822310978	0.17032083888610566	0.16135308205583448
vårt	PS.NEU.SIN.DEF	1Bert	0.2581720287690292	0.18840377667952757	0.18590939762947148	0.18452295724954018	0.1829918396724315
första	RO.NOM	1Bert	0.26215441252794247	0.17889754176038217	0.1848590671076634	0.18341591385967743	0.1906730647443345
kvinnliga	JJ.POS.UTR+NEU.SIN.DEF.NOM	1Bert	0.25842449266381834	0.20805461458244046	0.18213878204930925	0.1818844042146367	0.16949770648979526
statsråd	NN.NEU.SIN.IND.NOM	1Bert	0.2393420686517949	0.21721747921178738	0.18787630648892106	0.18042703979501895	0.17513710585247774
först	AB	1Bert	0.28637193615817325	0.20590679951973892	0.1736222271256623	0.1757769930386912	0.15832204415773427
1947	RG.NOM	1Bert	0.26625821587703025	0.20562095215756576	0.18345677309678537	0.17547591991777892	0.16918813895083964
och	KN	1Bert	0.3671730122028623	0.17740579789450978	0.14840942110723096	0.15696576681850544	0.1500460019768914
att	SN	1Bert	0.3374752727788356	0.18690492893996064	0.15492512529617108	0.16820085583044433	0.15249381715458843
det	PN.NEU.SIN.DEF.SUB+OBJ	1Bert	0.3361204489729492	0.1844989379767549	0.16103625733179439	0.15983531121156225	0.15850904450693915
allt	PN.NEU.SIN.IND.SUB+OBJ	1Bert	0.2720245113983438	0.20877385051911718	0.17868474199327042	0.1744531705066568	0.16606372558261173
fortfarande	AB	1Bert	0.2871284298771367	0.20568852447084304	0.17343817589372795	0.17559065761004206	0.15815421214825023
bara	AB	1Bert	0.3026185785951343	0.20121907167292924	0.16966949826570998	0.1717752082165394	0.15471764324968704
finns	VB.PRS.SFO	1Bert	0.28031681597678487	0.19183793959081588	0.18228555862087506	0.1721759522887186	0.17338373352280545
en	RG.UTR.SIN.IND.NOM	1Bert	0.2531174753108421	0.22733781934573116	0.17375307571615747	0.1839747704734115	0.16181685915385782
,	MID	1Bert	0.37059250537401855	0.1729526908156544	0.1702597698757801	0.1436936810545543	0.14250135287999255
säger	VB.PRS.AKT	1Bert	0.35325963766786656	0.17923019301017845	0.16631949000810997	0.14780694476576375	0.1533837345480812
en	DT.UTR.SIN.IND	1Bert	0.3147782891964066	0.20786443206671568	0.16886884202789118	0.16412800216827944	0.14436043454070716
kvinna	NN.UTR.SIN.IND.NOM	1Bert	0.29761964055816803	0.19766405551469873	0.1769630710178359	0.1702997624028618	0.15745347050643568
i	PP	1Bert	0.3854966169571217	0.17243064038954567	0.1531724808882743	0.155281080748147	0.13361918101691142
regeringen	NN.UTR.SIN.DEF.NOM	1Bert	0.2980992756336506	0.2013664623501922	0.17353281693685596	0.16626514791312877	0.1607362971661726
.	MAD	1Bert	0.40106802563545346	0.16332386561626525	0.15564720220171135	0.14056363124122911	0.1393972753053408

Kvinnans	NN.UTR.SIN.DEF.GEN	1Bert	0.2505917046579507	0.20081406134547775	0.18301080053155167	0.19356204226918788	0.17202139119583204
ställning	NN.UTR.SIN.IND.NOM	1Bert	0.29469812112714205	0.19848623023988676	0.1776991409315269	0.1710081165848529	0.15810839111659136
i	PP	1Bert	0.3854966169571217	0.17243064038954567	0.1531724808882743	0.155281080748147	0.13361918101691142
arbetslivet	NN.NEU.SIN.DEF.NOM	1Bert	0.2723525110851685	0.2138786553597353	0.18513527598168164	0.1710384016449394	0.15759515592847523
är	VB.PRS.AKT	1Bert	0.3887593373305644	0.16939221413500016	0.15719018203968477	0.1396937938742304	0.1449644726205204
kanske	AB	1Bert	0.2946357819115099	0.20352238932483452	0.17161167376178105	0.1737414873865774	0.15648866761529712
på	PP	1Bert	0.37606154158376076	0.1757698367394415	0.15426435577456038	0.1593325937639939	0.13457167213824348
sitt	PS.NEU.SIN.DEF	1Bert	0.2630833628498778	0.18715643373041857	0.18467856892532789	0.18330130758980187	0.18178032690457363
sätt	NN.NEU.SIN.IND.NOM	1Bert	0.2751650478403941	0.20630220984029585	0.1791162736967416	0.17179493448036198	0.1676215341422065
ännu	AB	1Bert	0.29074994796940673	0.2046435891080608	0.17255707820627048	0.17469862492137872	0.1573507597948833
mer	AB.KOM	1Bert	0.2644176725005608	0.20153366466984593	0.1889780361162102	0.17330871620572946	0.17176191050765355
nedvärderad	PC.PRF.UTR.SIN.IND.NOM	1Bert	0.23474225110064048	0.22133698301492782	0.18734293522990078	0.18879392995254982	0.1677839007019811
än	KN	1Bert	0.32873365858894854	0.19407863376999804	0.15378705414410812	0.16540514932136216	0.1579955041755831
i	PP	1Bert	0.3854966169571217	0.17243064038954567	0.1531724808882743	0.155281080748147	0.13361918101691142
det	DT.NEU.SIN.DEF	1Bert	0.29849898869582725	0.20505979461594306	0.16676735217143032	0.16552366576260488	0.16415019875419437
politiska	JJ.POS.UTR+NEU.SIN.DEF.NOM	1Bert	0.2695415103535864	0.2041247938653023	0.1841421364767993	0.17358902972744392	0.16860252957686803
livet	NN.NEU.SIN.DEF.NOM	1Bert	0.2832557646388521	0.21067384362790914	0.18236116229818658	0.16847551908303748	0.1552337103520148
.	MAD	1Bert	0.40106802563545346	0.16332386561626525	0.15564720220171135	0.14056363124122911	0.1393972753053408

Inte	AB	1Bert	0.28401065984302964	0.2065881107986361	0.17419671413572643	0.17635860981000337	0.15884590541260452
ens	AB	1Bert	0.2833178641960244	0.2067880067130822	0.1743652679374484	0.176529255475149	0.15899960567829607
till	PP	1Bert	0.3729975681122717	0.17449451822757958	0.15500585161628294	0.16009845088720084	0.1374036111566651
någon	DT.UTR.SIN.IND	1Bert	0.28074507286483413	0.20411210997110907	0.18184738946943715	0.1724629000127888	0.16083252768183082
eller	KN	1Bert	0.3421085821884478	0.18443232377160104	0.15428748512875845	0.1631827227210601	0.1559888861901325
några	DT.UTR+NEU.PLU.IND	1Bert	0.2525778931114951	0.18982453233449187	0.18731134313527922	0.18591444758802184	0.18437178383071215
procent	NN.UTR.PLU.IND.NOM	1Bert	0.3016883933355758	0.19731648952399625	0.17504435062100443	0.16849322970932873	0.15745753681009475
intar	VB.PRS.AKT	1Bert	0.316835934785851	0.18932423952081895	0.17568641998554146	0.1561312686422468	0.16202213706554178
kvinnan	NN.UTR.SIN.DEF.NOM	1Bert	0.2920618067302353	0.20309853600737146	0.17502547672421281	0.16769529412241418	0.1621188864157662
ledande	PC.PRS.UTR+NEU.SIN+PLU.IND+DEF.NOM	1Bert	0.24483177997016375	0.2170313832728739	0.18507096511115786	0.18995935901535052	0.16310651263045406
,	MID	1Bert	0.37059250537401855	0.1729526908156544	0.1702597698757801	0.1436936810545543	0.14250135287999255
bestämmande	PC.PRS.UTR+NEU.SIN+PLU.IND+DEF.NOM	1Bert	0.23849662558618792	0.21885207339559534	0.18662353724657457	0.19155294019915056	0.16447482357249155
funktioner	NN.UTR.PLU.IND.NOM	1Bert	0.2779719662115659	0.20103878123648045	0.18203016810624342	0.17521759953944294	0.1637414849062673
i	PP	1Bert	0.3854966169571217	0.17243064038954567	0.1531724808882743	0.155281080748147	0.13361918101691142
våra	PS.UTR+NEU.PLU.DEF	1Bert	0.26489446616692447	0.18669646360510483	0.18422468859218527	0.18285081212062823	0.1813335695151573
större	JJ.KOM.UTR+NEU.SIN+PLU.IND+DEF.NOM	1Bert	0.27070792669105365	0.2022198272359504	0.18117681579155148	0.17610283771168928	0.16979259256975532
bolag	NN.NEU.PLU.IND.NOM	1Bert	0.23812774479824458	0.21679830963732835	0.19370858177390446	0.179181291904817	0.17218407188570567
,	MID	1Bert	0.37059250537401855	0.1729526908156544	0.1702597698757801	0.1436936810545543	0.14250135287999255
statliga	JJ.POS.UTR+NEU.PLU.IND+DEF.NOM	1Bert	0.27395205723922916	0.20405715424382803	0.17585159106816972	0.18110869154931425	0.16503050589945886
eller	KN	1Bert	0.3421085821884478	0.18443232377160104	0.15428748512875845	0.1631827227210601	0.1559888861901325
kommunala	JJ.POS.UTR+NEU.PLU.IND+DEF.NOM	1Bert	0.26222281707579687	0.20735367948442227	0.17869245793560726	0.1840344864090716	0.167696559095102
ämbetsverk	NN.NEU.PLU.IND.NOM	1Bert	0.2308078640591816	0.21928366565703683	0.1927553964722431	0.1816867600627998	0.1754663137487386
och	KN	1Bert	0.3671730122028623	0.17740579789450978	0.14840942110723096	0.15696576681850544	0.1500460019768914
förvaltningar	NN.UTR.PLU.IND.NOM	1Bert	0.2693472405684512	0.20344021753901997	0.18420454387175064	0.17731059822253237	0.16569739979824583
.	MAD	1Bert	0.40106802563545346	0.16332386561626525	0.15564720220171135	0.14056363124122911	0.1393972753053408

Inte	AB	1Bert	0.28401065984302964	0.2065881107986361	0.17419671413572643	0.17635860981000337	0.15884590541260452
heller	AB	1Bert	0.28663062579464244	0.20583215845976222	0.17355928919889932	0.17571327401090522	0.1582646525357909
i	PP	1Bert	0.3854966169571217	0.17243064038954567	0.1531724808882743	0.155281080748147	0.13361918101691142
fråga	NN.UTR.SIN.IND.NOM	1Bert	0.3039434757363918	0.19588440024539766	0.17536979569527641	0.16876647973934567	0.1560358485835885
om	PP	1Bert	0.36578033683482375	0.1773475988580175	0.158539237133212	0.16255319984571304	0.13577962732823376
lika	AB	1Bert	0.2800637370433321	0.215312569628636	0.17612959611099283	0.17060441144981306	0.15788968576722595
ersättning	NN.UTR.SIN.IND.NOM	1Bert	0.29122250714168696	0.19946433839244757	0.178574813658235	0.17185081702197422	0.15888752378565613
för	PP	1Bert	0.3755621670280984	0.17612786329415814	0.15457857769589844	0.15670653413675964	0.13702485784508542
sitt	PS.NEU.SIN.DEF	1Bert	0.2630833628498778	0.18715643373041857	0.18467856892532789	0.18330130758980187	0.18178032690457363
arbete	NN.NEU.SIN.IND.NOM	1Bert	0.2733996080292272	0.2078126592275674	0.17688621368197344	0.17305273755345124	0.16884878150778063
har	VB.PRS.AKT	1Bert	0.38174184690251556	0.17133696080170088	0.1589948404422022	0.14129758092774383	0.14662877092583745
kvinnan	NN.UTR.SIN.DEF.NOM	1Bert	0.2920618067302353	0.20309853600737146	0.17502547672421281	0.16769529412241418	0.1621188864157662
ännu	AB	1Bert	0.29074994796940673	0.2046435891080608	0.17255707820627048	0.17469862492137872	0.1573507597948833
nått	VB.SUP.AKT	1Bert	0.274656065418491	0.1997948156939628	0.1738770131872649	0.17258030567651747	0.17909180002376385
jämlikhet	NN.UTR.SIN.IND.NOM	1Bert	0.2761970070894691	0.20369281835566566	0.1823604528736199	0.17549391303751535	0.1622558086437299
med	PP	1Bert	0.3729113705703998	0.1751288297320149	0.15556931914485464	0.16068043071253593	0.13571004984019489
mannen	NN.UTR.SIN.DEF.NOM	1Bert	0.291131565353554	0.20336541052203047	0.175255462819002	0.16791564824760544	0.16233191305780803
.	MAD	1Bert	0.40106802563545346	0.16332386561626525	0.15564720220171135	0.14056363124122911	0.1393972753053408

Men	KN	1Bert	0.33410500742915866	0.18667603428578544	0.15616446875891193	0.16516792131973904	0.15788656820640498
den	PN.UTR.SIN.DEF.SUB+OBJ	1Bert	0.29353157437801775	0.1786769347804195	0.17362751148447442	0.18326128078767798	0.17090269856941026
kanske	AB	1Bert	0.2946357819115099	0.20352238932483452	0.17161167376178105	0.1737414873865774	0.15648866761529712
är	VB.PRS.AKT	1Bert	0.3887593373305644	0.16939221413500016	0.15719018203968477	0.1396937938742304	0.1449644726205204
på	PP	1Bert	0.37606154158376076	0.1757698367394415	0.15426435577456038	0.1593325937639939	0.13457167213824348
väg	NN.UTR.SIN.IND.NOM	1Bert	0.29853552324064303	0.1974063075823141	0.17673231654128466	0.1700776966786175	0.15724815595714067
.	MAD	1Bert	0.40106802563545346	0.16332386561626525	0.15564720220171135	0.14056363124122911	0.1393972753053408

LO-SAF-uppgörelsen	NN.UTR.SIN.DEF.NOM	1Bert	0.26773748970034517	0.2100768756775796	0.18103924349738804	0.17345720036992743	0.16768919075475977
1960	RG.NOM	1Bert	0.283056241908197	0.20091353848475088	0.17925677833465367	0.17145863599800726	0.16531480527439124
har	VB.PRS.AKT	1Bert	0.38174184690251556	0.17133696080170088	0.1589948404422022	0.14129758092774383	0.14662877092583745
i	PP	1Bert	0.3854966169571217	0.17243064038954567	0.1531724808882743	0.155281080748147	0.13361918101691142
princip	NN.UTR.SIN.IND.NOM	1Bert	0.29234151687959775	0.1991494263935818	0.1782928818002928	0.1715795009324353	0.15863667399409226
erkänt	VB.SUP.AKT	1Bert	0.26551706207000947	0.20231213941114512	0.17606778439245768	0.17475473895742666	0.1813482751689611
likalönen	NN.UTR.SIN.DEF.NOM	1Bert	0.26773748970034517	0.2100768756775796	0.18103924349738804	0.17345720036992743	0.16768919075475977
och	KN	1Bert	0.3671730122028623	0.17740579789450978	0.14840942110723096	0.15696576681850544	0.1500460019768914
den	PN.UTR.SIN.DEF.SUB+OBJ	1Bert	0.29353157437801775	0.1786769347804195	0.17362751148447442	0.18326128078767798	0.17090269856941026
genomförs	VB.PRS.SFO	1Bert	0.25022797569427824	0.1998583869940819	0.18990663575719188	0.1793743624279454	0.1806326391265025
idag	AB	1Bert	0.29005077565566056	0.20484532491517193	0.17272718341990753	0.17487084125248062	0.15750587475677938
i	PP	1Bert	0.3854966169571217	0.17243064038954567	0.1531724808882743	0.155281080748147	0.13361918101691142
den	DT.UTR.SIN.DEF	1Bert	0.3203046742138143	0.18337624855451437	0.16166756620491893	0.17552106505454246	0.15913044597221004
meningen	NN.UTR.SIN.DEF.NOM	1Bert	0.2802783300218079	0.20647906680979228	0.17793873758224832	0.17048654569096938	0.1648173198951821
att	SN	1Bert	0.33743630145348563	0.18178443247823117	0.15660573488446713	0.17002547898648732	0.1541480521973288
mätbart	AB.POS	1Bert	0.23317025176343054	0.21238257800355315	0.1841875140793054	0.18444739714768182	0.18581225900602907
likvärdiga	JJ.POS.UTR+NEU.PLU.IND+DEF.NOM	1Bert	0.2593006423227021	0.20817496225268178	0.17940021984697221	0.18476340693186666	0.16836076864577731
prestationer	NN.UTR.PLU.IND.NOM	1Bert	0.27246733521909267	0.2025714700713957	0.1834179381899966	0.17655343164528356	0.16498982487423136
avlönas	VB.PRS.SFO	1Bert	0.24152820614823844	0.2021773877734212	0.1921101641802231	0.18145568256927236	0.1827285593288449
lika	AB.POS	1Bert	0.27451845757079907	0.21685455662323058	0.1744754902121975	0.17270353650301642	0.16144795909075657
utan	PP	1Bert	0.34522404987410193	0.18288472258066257	0.16547559220907582	0.16469542368162604	0.1417202116545336
avseende	NN.NEU.SIN.IND.NOM	1Bert	0.25014550597628615	0.2144634907423477	0.18254727595247713	0.1785911133430567	0.1742526139858322
på	PP	1Bert	0.37606154158376076	0.1757698367394415	0.15426435577456038	0.1593325937639939	0.13457167213824348
kön	NN.NEU.SIN.IND.NOM	1Bert	0.24557998541730397	0.214722697480912	0.1864271327033621	0.17880696369532872	0.17446322070309317
.	MAD	1Bert	0.40106802563545346	0.16332386561626525	0.15564720220171135	0.14056363124122911	0.1393972753053408

Å	PP	1Bert	0.3077905817426146	0.19385139526406492	0.17279517624015878	0.17179419321936157	0.15376865353380015
andra	JJ.POS.UTR+NEU.SIN.DEF.NOM	1Bert	0.28383805723379396	0.2025362336604968	0.18026450991927942	0.1669821375529189	0.16637906163351088
sidan	NN.UTR.SIN.DEF.NOM	1Bert	0.2985614532047289	0.20123386943607366	0.17341855152431254	0.16615566801155604	0.16063045782332902
föreligger	VB.PRS.AKT	1Bert	0.3189581853215926	0.1887361033918702	0.1751406497702712	0.1556462465437584	0.16151881497250759
fortfarande	AB	1Bert	0.2871284298771367	0.20568852447084304	0.17343817589372795	0.17559065761004206	0.15815421214825023
besvärande	PC.PRS.UTR+NEU.SIN+PLU.IND+DEF.NOM	1Bert	0.24900492921705164	0.2158320420802315	0.18404824098401712	0.18890962104308404	0.1622051666756158
skillnader	NN.UTR.PLU.IND.NOM	1Bert	0.2779719662115659	0.20103878123648045	0.18203016810624342	0.17521759953944294	0.1637414849062673
vad	HP.NEU.SIN.IND	1Bert	0.2717161849471915	0.18496393580689402	0.18251509866241666	0.1811539716513064	0.17965080893219135
gäller	VB.PRS.AKT	1Bert	0.3521988233757885	0.17952417489439473	0.1665922951434127	0.1480493847441664	0.15363532184223774
mäns	NN.UTR.PLU.IND.GEN	1Bert	0.23677579157161846	0.2034643699439477	0.19037818365922185	0.19208177334583712	0.17729988147937487
och	KN	1Bert	0.3671730122028623	0.17740579789450978	0.14840942110723096	0.15696576681850544	0.1500460019768914
kvinnors	NN.UTR.PLU.IND.GEN	1Bert	0.2356350328565405	0.20262488686871585	0.19461675387505345	0.18755920404597592	0.17956412235371433
fördelning	NN.UTR.SIN.IND.NOM	1Bert	0.2892705309743062	0.20001366401114676	0.17906660943881156	0.17232409488780914	0.1593251006879263
på	PP	1Bert	0.37606154158376076	0.1757698367394415	0.15426435577456038	0.1593325937639939	0.13457167213824348
arbetsuppgifter	NN.UTR.PLU.IND.NOM	1Bert	0.27246733521909267	0.2025714700713957	0.1834179381899966	0.17655343164528356	0.16498982487423136
som	HP.-.-.-	1Bert	0.31821956025579057	0.18944868496841	0.15252343769623428	0.17571678080244402	0.16409153627712111
ger	VB.PRS.AKT	1Bert	0.34887214267144895	0.18044609296144093	0.16744780358295155	0.14880966899385595	0.15442429179030256
högre	JJ.KOM.UTR+NEU.SIN+PLU.IND+DEF.NOM	1Bert	0.26467883836385114	0.20389158707612715	0.18267461216864964	0.1775586872980113	0.1711962750933608
respektive	AB	1Bert	0.2748188251346205	0.21262495768676348	0.17527560535105305	0.1774508907741723	0.15982972105339055
lägre	JJ.KOM.UTR+NEU.SIN+PLU.IND+DEF.NOM	1Bert	0.25875092996506505	0.20553529150696534	0.1841472725845556	0.17899010487257055	0.17257640107084352
lön	NN.UTR.SIN.IND.NOM	1Bert	0.2877189819700349	0.20045030131797262	0.17945751854231884	0.17270028482995642	0.15967291333971723
.	MAD	1Bert	0.40106802563545346	0.16332386561626525	0.15564720220171135	0.14056363124122911	0.1393972753053408

Nedslående	PC.PRS.UTR+NEU.SIN+PLU.IND+DEF.NOM	1Bert	0.23849662558618792	0.21885207339559534	0.18662353724657457	0.19155294019915056	0.16447482357249155
är	VB.PRS.AKT	1Bert	0.3887593373305644	0.16939221413500016	0.15719018203968477	0.1396937938742304	0.1449644726205204
att	SN	1Bert	0.3374752727788356	0.18690492893996064	0.15492512529617108	0.16820085583044433	0.15249381715458843
de	DT.UTR+NEU.PLU.DEF	1Bert	0.2913489779831784	0.2039741901695619	0.16479505198907926	0.16688624290821996	0.17299553694996042
i	PP	1Bert	0.3854966169571217	0.17243064038954567	0.1531724808882743	0.155281080748147	0.13361918101691142
övrigt	JJ.POS.NEU.SIN.IND.NOM	1Bert	0.24610561298206626	0.20924354848078977	0.18642029967930368	0.1814581540876698	0.17677238477017063
aktiva	JJ.POS.UTR+NEU.PLU.IND+DEF.NOM	1Bert	0.260900722854018	0.20772525657823315	0.17901267421713515	0.18436427558759444	0.16799707076301923
löntagarorganisationerna	NN.UTR.PLU.DEF.NOM	1Bert	0.25681305124054243	0.21138858416949782	0.1945391870149714	0.16550727514256705	0.17175190243242136
ännu	AB	1Bert	0.29074994796940673	0.2046435891080608	0.17255707820627048	0.17469862492137872	0.1573507597948833
inte	AB	1Bert	0.3211368110509762	0.19587591019856476	0.16516410263411863	0.16721389766499578	0.15060927845134467
funnit	VB.SUP.AKT	1Bert	0.2785260273138151	0.19872884093804918	0.17294931891227835	0.17165952978661242	0.17813628304924492
detta	DT.NEU.SIN.DEF	1Bert	0.2939161895211696	0.2028937499306933	0.16903446211899534	0.16777386848107273	0.16638172994806896
faktum	NN.NEU.SIN.IND.NOM	1Bert	0.2632854922866157	0.21137622386826546	0.17934273909756293	0.17750078979925912	0.1684947549482968
värt	JJ.POS.NEU.SIN.IND.NOM	1Bert	0.24252027179003544	0.21011162489665675	0.18550360516520037	0.18229902186462366	0.17956547628348382
självständiga	JJ.POS.UTR+NEU.PLU.IND+DEF.NOM	1Bert	0.260900722854018	0.20772525657823315	0.17901267421713515	0.18436427558759444	0.16799707076301923
och	KN	1Bert	0.3671730122028623	0.17740579789450978	0.14840942110723096	0.15696576681850544	0.1500460019768914
målmedvetna	JJ.POS.UTR+NEU.PLU.IND+DEF.NOM	1Bert	0.24978360855437942	0.21084974268139817	0.18170528185712717	0.18713737899582916	0.17052398791126597
aktioner	NN.UTR.PLU.IND.NOM	1Bert	0.2693472405684512	0.20344021753901997	0.18420454387175064	0.17731059822253237	0.16569739979824583
.	MAD	1Bert	0.40106802563545346	0.16332386561626525	0.15564720220171135	0.14056363124122911	0.1393972753053408

Det	PN.NEU.SIN.DEF.SUB+OBJ	1Bert	0.32810868179979313	0.18311888262763612	0.16419121167775355	0.16296673712830884	0.16161448676650825
bör	VB.PRS.AKT	1Bert	0.3468739735927866	0.18099984258106297	0.16796166429347645	0.14926633334302	0.15489818618965404
nämligen	AB	1Bert	0.28087468906626045	0.20749294868092974	0.17495968052963817	0.17713104511815275	0.15954163660501883
kraftigt	AB.POS	1Bert	0.2520127626932076	0.20716392150707671	0.1796616656036186	0.17991516283528539	0.18124648736081178
understrykas	VB.INF.SFO	1Bert	0.24294565222696599	0.20081458624140108	0.18569593261237663	0.1849482081135521	0.1855956208057041
att	SN	1Bert	0.3372719704470363	0.17697104980420994	0.1582271411388372	0.1717858255998111	0.15574401301010551
inom	PP	1Bert	0.3431977151976832	0.1816184638560115	0.16464504075835354	0.16691157393623574	0.14362720625171604
hela	JJ.POS.UTR+NEU.SIN.DEF.NOM	1Bert	0.2775133221653703	0.20552843303975912	0.18292767465249768	0.16944907316885055	0.16458149697352242
arbetslivet	NN.NEU.SIN.DEF.NOM	1Bert	0.2723525110851685	0.2138786553597353	0.18513527598168164	0.1710384016449394	0.15759515592847523
oavsett	AB.POS	1Bert	0.28047893825119874	0.19829481911421046	0.17715584173860652	0.18220374249046306	0.16186665840552128
företagsform	NN.UTR.SIN.IND.NOM	1Bert	0.26715102032319793	0.2062385422021787	0.18463956785317054	0.17768721097970105	0.16428365864175173
eller	KN	1Bert	0.3421085821884478	0.18443232377160104	0.15428748512875845	0.1631827227210601	0.1559888861901325
ägarkategori	NN.UTR.SIN.IND.NOM	1Bert	0.26715102032319793	0.2062385422021787	0.18463956785317054	0.17768721097970105	0.16428365864175173
kvinnan	NN.UTR.SIN.DEF.NOM	1Bert	0.2920618067302353	0.20309853600737146	0.17502547672421281	0.16769529412241418	0.1621188864157662
har	VB.PRS.AKT	1Bert	0.38174184690251556	0.17133696080170088	0.1589948404422022	0.14129758092774383	0.14662877092583745
genomgående	AB.POS	1Bert	0.2467779281383769	0.2142773078393244	0.1830990900329426	0.18560093385671425	0.17024474013264193
de	DT.UTR+NEU.PLU.DEF	1Bert	0.30754296006060605	0.19918183727317246	0.162093505372428	0.16415041462058289	0.16703128267321057
minst	AB.SUV	1Bert	0.26065153198890145	0.20179316624862018	0.18505925459754408	0.17056061384617927	0.18193543331875509
ansvariga	JJ.POS.UTR+NEU.PLU.IND+DEF.NOM	1Bert	0.260900722854018	0.20772525657823315	0.17901267421713515	0.18436427558759444	0.16799707076301923
och	KN	1Bert	0.3671730122028623	0.17740579789450978	0.14840942110723096	0.15696576681850544	0.1500460019768914
därmed	AB	1Bert	0.2833178641960244	0.2067880067130822	0.1743652679374484	0.176529255475149	0.15899960567829607
lägst	AB.SUV	1Bert	0.23758994085211324	0.209040036833615	0.18849196900265586	0.1780999918935222	0.18677806141809372
avlönade	PC.PRF.UTR+NEU.PLU.IND+DEF.NOM	1Bert	0.2276241234814709	0.22052498391804679	0.19887883748448135	0.18505089533493208	0.16792115978106895
funktionerna	NN.UTR.PLU.DEF.NOM	1Bert	0.25681305124054243	0.21138858416949782	0.1945391870149714	0.16550727514256705	0.17175190243242136
.	MAD	1Bert	0.40106802563545346	0.16332386561626525	0.15564720220171135	0.14056363124122911	0.1393972753053408

Man	PN.UTR.SIN.IND.SUB	1Bert	0.30398092817881667	0.17676958386253908	0.17442923615590114	0.17312841037984703	0.1716918414228961
kan	VB.PRS.AKT	1Bert	0.37456861668046926	0.17332486740546965	0.16083954979038545	0.142936960971072	0.14833000515260375
inte	AB	1Bert	0.3211368110509762	0.19587591019856476	0.16516410263411863	0.16721389766499578	0.15060927845134467
finna	VB.INF.AKT	1Bert	0.30034508600103466	0.19306440231649843	0.17202239424753238	0.17335472944300861	0.16121338799192597
något	DT.NEU.SIN.IND	1Bert	0.28310960715036976	0.2086420732625295	0.16962655258351508	0.1607749020254359	0.17784686497814967
arbetsområde	NN.NEU.SIN.IND.NOM	1Bert	0.24648191818152634	0.21551130179551506	0.18343915294658236	0.1794636615884974	0.17510396548787888
där	HA	1Bert	0.29778775784496025	0.18318728758622935	0.16767856162159925	0.1786389437235132	0.17270744922369796
män	NN.UTR.PLU.IND.NOM	1Bert	0.28615245380203286	0.1987610369133431	0.17996778899961713	0.17323240598519404	0.16188631429981296
och	KN	1Bert	0.3671730122028623	0.17740579789450978	0.14840942110723096	0.15696576681850544	0.1500460019768914
kvinnor	NN.UTR.PLU.IND.NOM	1Bert	0.2942419727854907	0.19650862154840135	0.1779283439482509	0.17126928816790776	0.16005177354994926
fördelar	VB.PRS.AKT	1Bert	0.3222125753466398	0.1878342191330677	0.17430373201968963	0.1549024837067772	0.16074698979382576
sig	PN.UTR+NEU.SIN+PLU.DEF.OBJ	1Bert	0.2934848693482737	0.1933561354306285	0.17238328325530258	0.1710977154046304	0.16967799656116478
slumpmässigt	AB.POS	1Bert	0.2365228481530876	0.21162550177703912	0.18516997873929408	0.18370120344322222	0.18298046788735703
lika	AB	1Bert	0.2854473346393574	0.21669399814004225	0.17238973480219189	0.17123650145206978	0.1542324309663386
med	PP	1Bert	0.3729113705703998	0.1751288297320149	0.15556931914485464	0.16068043071253593	0.13571004984019489
avseende	NN.NEU.SIN.IND.NOM	1Bert	0.25014550597628615	0.2144634907423477	0.18254727595247713	0.1785911133430567	0.1742526139858322
på	PP	1Bert	0.37606154158376076	0.1757698367394415	0.15426435577456038	0.1593325937639939	0.13457167213824348
funktion	NN.UTR.SIN.IND.NOM	1Bert	0.2868412032872816	0.2006973260132748	0.17967867280622427	0.1729131118247687	0.15986968606845053
,	MID	1Bert	0.37059250537401855	0.1729526908156544	0.1702597698757801	0.1436936810545543	0.14250135287999255
lön	NN.UTR.SIN.IND.NOM	1Bert	0.2877189819700349	0.20045030131797262	0.17945751854231884	0.17270028482995642	0.15967291333971723
och	KN	1Bert	0.3671730122028623	0.17740579789450978	0.14840942110723096	0.15696576681850544	0.1500460019768914
ställning	NN.UTR.SIN.IND.NOM	1Bert	0.29469812112714205	0.19848623023988676	0.1776991409315269	0.1710081165848529	0.15810839111659136
.	MAD	1Bert	0.40106802563545346	0.16332386561626525	0.15564720220171135	0.14056363124122911	0.1393972753053408

Alltid	AB	1Bert	0.2570885720493524	0.2143560801581121	0.18074672678019393	0.18298991241492046	0.1648187085974211
finns	VB.PRS.SFO	1Bert	0.28031681597678487	0.19183793959081588	0.18228555862087506	0.1721759522887186	0.17338373352280545
en	DT.UTR.SIN.IND	1Bert	0.3147782891964066	0.20786443206671568	0.16886884202789118	0.16412800216827944	0.14436043454070716
större	JJ.KOM.UTR+NEU.SIN+PLU.IND+DEF.NOM	1Bert	0.27070792669105365	0.2022198272359504	0.18117681579155148	0.17610283771168928	0.16979259256975532
andel	NN.UTR.SIN.IND.NOM	1Bert	0.2848069168727239	0.20126981540221425	0.180191206458982	0.17340634670584348	0.16032571456023634
kvinnor	NN.UTR.PLU.IND.NOM	1Bert	0.2942419727854907	0.19650862154840135	0.1779283439482509	0.17126928816790776	0.16005177354994926
bland	PP	1Bert	0.3371570416323683	0.18328882627553064	0.1661592969788058	0.16844667567956353	0.14494815943373168
de	DT.UTR+NEU.PLU.DEF	1Bert	0.30754296006060605	0.19918183727317246	0.162093505372428	0.16415041462058289	0.16703128267321057
lägst	AB.SUV	1Bert	0.23758994085211324	0.209040036833615	0.18849196900265586	0.1780999918935222	0.18677806141809372
avlönade	PC.PRF.UTR+NEU.PLU.IND+DEF.NOM	1Bert	0.2276241234814709	0.22052498391804679	0.19887883748448135	0.18505089533493208	0.16792115978106895
och	KN	1Bert	0.3671730122028623	0.17740579789450978	0.14840942110723096	0.15696576681850544	0.1500460019768914
med	PP	1Bert	0.3729113705703998	0.1751288297320149	0.15556931914485464	0.16068043071253593	0.13571004984019489
de	DT.UTR+NEU.PLU.DEF	1Bert	0.30754296006060605	0.19918183727317246	0.162093505372428	0.16415041462058289	0.16703128267321057
minst	AB.SUV	1Bert	0.26065153198890145	0.20179316624862018	0.18505925459754408	0.17056061384617927	0.18193543331875509
bestämmande	PC.PRS.UTR+NEU.SIN+PLU.IND+DEF.NOM	1Bert	0.23849662558618792	0.21885207339559534	0.18662353724657457	0.19155294019915056	0.16447482357249155
funktionerna	NN.UTR.PLU.DEF.NOM	1Bert	0.25681305124054243	0.21138858416949782	0.1945391870149714	0.16550727514256705	0.17175190243242136
.	MAD	1Bert	0.40106802563545346	0.16332386561626525	0.15564720220171135	0.14056363124122911	0.1393972753053408

Männen	NN.UTR.PLU.DEF.NOM	1Bert	0.25681305124054243	0.21138858416949782	0.1945391870149714	0.16550727514256705	0.17175190243242136
befinns	VB.PRS.SFO	1Bert	0.24152820614823844	0.2021773877734212	0.1921101641802231	0.18145568256927236	0.1827285593288449
genomgående	AB	1Bert	0.2559825034346758	0.21409743431611827	0.18108273543346964	0.1812801619342894	0.16755716488144687
ha	VB.INF.AKT	1Bert	0.32127822564839764	0.18728806313304788	0.16687561584405408	0.1681680885899913	0.15639000678450907
de	DT.UTR+NEU.PLU.DEF	1Bert	0.30754296006060605	0.19918183727317246	0.162093505372428	0.16415041462058289	0.16703128267321057
högre	JJ.KOM.UTR+NEU.SIN+PLU.IND+DEF.NOM	1Bert	0.26467883836385114	0.20389158707612715	0.18267461216864964	0.1775586872980113	0.1711962750933608
positionerna	NN.UTR.PLU.DEF.NOM	1Bert	0.25681305124054243	0.21138858416949782	0.1945391870149714	0.16550727514256705	0.17175190243242136
och	KN	1Bert	0.3671730122028623	0.17740579789450978	0.14840942110723096	0.15696576681850544	0.1500460019768914
de	DT.UTR+NEU.PLU.DEF	1Bert	0.30754296006060605	0.19918183727317246	0.162093505372428	0.16415041462058289	0.16703128267321057
bästa	JJ.SUV.UTR+NEU.SIN+PLU.DEF.NOM	1Bert	0.2629699904467132	0.18943118456076138	0.1868048565494905	0.17705678770328737	0.18373718073974746
och	KN	1Bert	0.3671730122028623	0.17740579789450978	0.14840942110723096	0.15696576681850544	0.1500460019768914
högsta	JJ.SUV.UTR+NEU.SIN+PLU.DEF.NOM	1Bert	0.2580084472958981	0.19070639857393012	0.18806239063160188	0.17824869967559231	0.18497406382297757
lönerna	NN.UTR.PLU.DEF.NOM	1Bert	0.25681305124054243	0.21138858416949782	0.1945391870149714	0.16550727514256705	0.17175190243242136
.	MAD	1Bert	0.40106802563545346	0.16332386561626525	0.15564720220171135	0.14056363124122911	0.1393972753053408

Mest	AB.SUV	1Bert	0.24946143013118446	0.204847322958497	0.18786014213333674	0.17314206322280098	0.18468904155418078
glädjande	PC.PRS.UTR+NEU.SIN+PLU.IND+DEF.NOM	1Bert	0.23870680420480858	0.21856434345707038	0.18627628421896475	0.1884237576101365	0.1680288105090198
under	PP	1Bert	0.34826565263437775	0.1833841037253058	0.16252228170372351	0.16663708880451203	0.1391908731320809
senare	JJ.KOM.UTR+NEU.SIN+PLU.IND+DEF.NOM	1Bert	0.2674917820100599	0.20311160742328396	0.18197579726105187	0.1768794431699724	0.1705413701356319
tid	NN.UTR.SIN.IND.NOM	1Bert	0.3086589091905118	0.1945573817894833	0.17418175338457675	0.16762317157864867	0.15497878405677942
är	VB.PRS.AKT	1Bert	0.3887593373305644	0.16939221413500016	0.15719018203968477	0.1396937938742304	0.1449644726205204
de	DT.UTR+NEU.PLU.DEF	1Bert	0.30754296006060605	0.19918183727317246	0.162093505372428	0.16415041462058289	0.16703128267321057
framgångar	NN.UTR.PLU.IND.NOM	1Bert	0.27650261515572	0.20144790184073988	0.18240060555075555	0.175574173180407	0.16407470427237755
som	HP.-.-.-	1Bert	0.31821956025579057	0.18944868496841	0.15252343769623428	0.17571678080244402	0.16409153627712111
kvinnorna	NN.UTR.PLU.DEF.NOM	1Bert	0.2753047812057625	0.2061288838710501	0.18969872780085426	0.16138917828372903	0.1674784288386041
utbildningsmässigt	AB.POS	1Bert	0.23734782820461736	0.2112255487458509	0.18318408741080702	0.1834425546741936	0.1847999809645311
vunnit	VB.SUP.AKT	1Bert	0.26551706207000947	0.20231213941114512	0.17606778439245768	0.17475473895742666	0.1813482751689611
.	MAD	1Bert	0.40106802563545346	0.16332386561626525	0.15564720220171135	0.14056363124122911	0.1393972753053408

Mera	AB.KOM	1Bert	0.23294012160029937	0.20888189170148935	0.1920297004212663	0.18303960518398626	0.1831086810929586
allmänt	AB.POS	1Bert	0.24616875438270344	0.20878248880146408	0.181065358359991	0.1813208361601149	0.1826625622957265
accepterar	VB.PRS.AKT	1Bert	0.32071341122929964	0.1882496802512448	0.1746892657299027	0.15524510476584866	0.16110253802370414
föräldrar	NN.UTR.PLU.IND.NOM	1Bert	0.2885064369251281	0.19810560266983424	0.179374327356074	0.1726611549355347	0.161352478113429
och	KN	1Bert	0.3671730122028623	0.17740579789450978	0.14840942110723096	0.15696576681850544	0.1500460019768914
barn	NN.NEU.PLU.IND.NOM	1Bert	0.2512539597515619	0.21610710609973302	0.19180921597553455	0.17324824879578332	0.1675814693773873
att	SN	1Bert	0.3374752727788356	0.18690492893996064	0.15492512529617108	0.16820085583044433	0.15249381715458843
både	KN	1Bert	0.32582760050195814	0.18899651051188515	0.15810567100537587	0.1672210409727418	0.15984917700803908
flickor	NN.UTR.PLU.IND.NOM	1Bert	0.2792265232718621	0.20068946706779064	0.18171388228090454	0.17491315086667195	0.16345697651277089
och	KN	1Bert	0.3671730122028623	0.17740579789450978	0.14840942110723096	0.15696576681850544	0.1500460019768914
pojkar	NN.UTR.PLU.IND.NOM	1Bert	0.28501055110866796	0.1990789840220727	0.1802556735823577	0.17350951634583917	0.1621452749410625
ska	VB.PRS.AKT	1Bert	0.3596653392599966	0.17745499047204852	0.16467216275903368	0.14634297678640376	0.15186453072251743
