Bostadsfrågan	NOUN.Case=Nom.Definite=Def.Gender=Com.Number=Sing	1Bert	0.26538092781071254	0.21065851174184383	0.16730686827048225	0.18164870989748433	0.17500498227947703
löses	VERB.Mood=Ind.Tense=Pres.VerbForm=Fin.Voice=Pass	1Bert	0.22064928837943434	0.21502215593304136	0.19008159584681222	0.18585739304066806	0.188389566800044
redan	ADV	1Bert	0.2621410207658071	0.20499437343469884	0.18414385652828225	0.17786685908125968	0.17085389018995217
nu	ADV	1Bert	0.26634997734149496	0.20382502747520062	0.18309344782198494	0.17685225614601588	0.16987929121530368
med	ADP	1Bert	0.31645743621014166	0.19665582597935954	0.1742092390739339	0.15948537235140023	0.15319212638516475
att	SCONJ	1Bert	0.27163117859036523	0.20677608472175718	0.1747077128154473	0.17806267264558	0.16882235122685024
man	PRON.Case=Nom.Definite=Ind.Gender=Com.Number=Sing.PronType=Ind	1Bert	0.2724777210151649	0.1821472493565095	0.18246757833045346	0.18186997076699515	0.1810374805308771
bygger	VERB.Mood=Ind.Tense=Pres.VerbForm=Fin.Voice=Act	1Bert	0.2760358675851814	0.19754416017943022	0.18468253497584186	0.18057831605335614	0.16115912120619047
skjul	NOUN.Case=Nom.Definite=Ind.Gender=Neut.Number=Plur	1Bert	0.2279014739794384	0.21915181136983933	0.20646562021886355	0.17131847063242223	0.17516262379943637
,	PUNCT	1Bert	0.36194261256242966	0.170224049528211	0.15652424770666448	0.1560116082824446	0.15529748192025034
öppna	VERB.VerbForm=Inf.Voice=Act	1Bert	0.252784789669521	0.20337719576001245	0.1851940484092899	0.18139541127439676	0.17724855488677999
utåt	ADV	1Bert	0.2534593713117832	0.20800570710881325	0.18686283898626682	0.18027318437956258	0.17139889821357412
gatan	NOUN.Case=Nom.Definite=Def.Gender=Com.Number=Sing	1Bert	0.26969200882710403	0.20942227115772036	0.16632503497616924	0.18058271211096177	0.17397797292804468
.	PUNCT	1Bert	0.36441771800386397	0.1709785596833506	0.1554437066022308	0.15493460610554285	0.15422540960501166

20-30	NUM.Case=Nom.NumType=Card	1Bert	0.2629070881461609	0.19199838003936212	0.18237373142870794	0.18177643122735096	0.180944369158418
personer	NOUN.Case=Nom.Definite=Ind.Gender=Com.Number=Plur	1Bert	0.2735261696676446	0.19893484575750617	0.20478247991900772	0.16174844538652106	0.1610080592693205
delar	VERB.Mood=Ind.Tense=Pres.VerbForm=Fin.Voice=Act	1Bert	0.2790807163103553	0.19726309609514028	0.19141531485974358	0.17182096647939313	0.1604199062553676
på	ADP	1Bert	0.31789782187814947	0.19742529646580478	0.17341854725747294	0.15876150845397535	0.15249682594459746
en	DET.Definite=Ind.Gender=Com.Number=Sing.PronType=Art	1Bert	0.2796793501030537	0.19936637031566595	0.18555264081709005	0.16947149197778344	0.16593014678640688
kallvattenskran	NOUN.Case=Nom.Definite=Ind.Gender=Com.Number=Sing	1Bert	0.25873627159213436	0.22120739906331252	0.17648696951514328	0.18585299338538758	0.15771636644402226
.	PUNCT	1Bert	0.36441771800386397	0.1709785596833506	0.1554437066022308	0.15493460610554285	0.15422540960501166

Avloppen	NOUN.Case=Nom.Definite=Def.Gender=Neut.Number=Plur	1Bert	0.2321808190637647	0.20541760296375433	0.17910604619589315	0.19279063829344018	0.19050489348314764
består	VERB.Mood=Ind.Tense=Pres.VerbForm=Fin.Voice=Act	1Bert	0.279605706608463	0.19657007759680595	0.18377187256764177	0.17968789138928395	0.16036445183780523
av	ADP	1Bert	0.3189844316488305	0.19330188648130583	0.17594565288300032	0.15902148504815775	0.15274654393870554
öppna	ADJ.Case=Nom.Degree=Pos.Number=Plur	1Bert	0.24030863548556008	0.2064262159298399	0.19029239987490615	0.1799195540531594	0.18305319465653463
diken	NOUN.Case=Nom.Definite=Ind.Gender=Neut.Number=Plur	1Bert	0.23468787349724876	0.21252277655059723	0.19999547183190686	0.17167206699415935	0.18112181112608772
i	ADP	1Bert	0.3227418217611616	0.1953737071508301	0.17307346318523012	0.1566176340775375	0.15219337382524062
gatorna	NOUN.Case=Nom.Definite=Def.Gender=Com.Number=Plur	1Bert	0.26094543059931347	0.1971685683805711	0.1813002447227897	0.18070646034479482	0.1798792959525311
,	PUNCT	1Bert	0.36194261256242966	0.170224049528211	0.15652424770666448	0.1560116082824446	0.15529748192025034
och	CCONJ	1Bert	0.32279196481492906	0.18602485432187957	0.16140103676066603	0.16964609518042625	0.16013604892209915
när	SCONJ	1Bert	0.260642245048804	0.20999167616952444	0.17897686743702604	0.17876126679573706	0.17162794454890842
det	PRON.Definite=Def.Gender=Neut.Number=Sing.PronType=Prs	1Bert	0.2885517521184706	0.19642750426348904	0.17231186389662367	0.17174751775863897	0.17096136196277772
blir	VERB.Mood=Ind.Tense=Pres.VerbForm=Fin.Voice=Act	1Bert	0.2919395018950308	0.1932046218751488	0.1806255335745779	0.1766114738104652	0.15761886884477738
översvämningar	NOUN.Case=Nom.Definite=Ind.Gender=Com.Number=Plur	1Bert	0.25837516822156087	0.20308373868372423	0.209053328392608	0.16512179598447976	0.16436596871762726
flyter	VERB.Mood=Ind.Tense=Pres.VerbForm=Fin.Voice=Act	1Bert	0.27056083727846264	0.19903810195841048	0.18607920979831086	0.18194395242795194	0.16237789853686418
avföring	NOUN.Case=Nom.Definite=Ind.Gender=Com.Number=Sing	1Bert	0.26074968940965326	0.2206065563381495	0.17600759625652596	0.18534818016712165	0.15728797782854964
och	CCONJ	1Bert	0.32279196481492906	0.18602485432187957	0.16140103676066603	0.16964609518042625	0.16013604892209915
matrester	NOUN.Case=Nom.Definite=Ind.Gender=Com.Number=Plur	1Bert	0.2588312388437969	0.20652602681075297	0.20244383237502342	0.16886189674594737	0.16333700522447941
omkring	ADV	1Bert	0.25157889664035316	0.21162336021269884	0.18346425362522642	0.1809506860446629	0.1723828034770588
var	ADV	1Bert	0.2502872224845946	0.20424760783183563	0.1918675746745904	0.17960968553162324	0.17398790947735612
som	CCONJ	1Bert	0.3146309519929803	0.19191631930344139	0.16129667717505616	0.1721366957638902	0.16001935576463197
helst	ADV.Degree=Sup	1Bert	0.24237452288127503	0.18650638182951162	0.20146752360770379	0.18429333908924392	0.18535823259226566
.	PUNCT	1Bert	0.36441771800386397	0.1709785596833506	0.1554437066022308	0.15493460610554285	0.15422540960501166

Folk	NOUN.Case=Nom.Definite=Ind.Gender=Neut.Number=Plur	1Bert	0.2276383421418277	0.2113304413597212	0.206687006844001	0.17218607580180978	0.18215813385264024
tvättar	VERB.Mood=Ind.Tense=Pres.VerbForm=Fin.Voice=Act	1Bert	0.2688886394876951	0.19981885369865332	0.19028064959446617	0.17825527402256908	0.1627565831966163
både	CCONJ	1Bert	0.30108881600200615	0.19198657492542603	0.16657361377892227	0.17508290965683143	0.1652680856368142
kläder	NOUN.Case=Nom.Definite=Ind.Gender=Com.Number=Plur	1Bert	0.26802672594505433	0.20044079262444983	0.20633269367298673	0.16297288931757453	0.1622268984399345
och	CCONJ	1Bert	0.32279196481492906	0.18602485432187957	0.16140103676066603	0.16964609518042625	0.16013604892209915
sig	PRON.Case=Acc.Definite=Def.PronType=Prs	1Bert	0.26559084324705473	0.19378077054787057	0.180879481179711	0.18028707486283843	0.1794618301625251
själva	ADJ.Case=Nom.Degree=Pos.Number=Plur	1Bert	0.24236355921981367	0.20395271931650286	0.18989912859230346	0.18498011368483963	0.17880447918654035
i	ADP	1Bert	0.3227418217611616	0.1953737071508301	0.17307346318523012	0.1566176340775375	0.15219337382524062
förorenat	ADJ.Case=Nom.Definite=Ind.Gender=Neut.Number=Sing.Tense=Past.VerbForm=Part	2Flair	0.2090619848951689	0.21938677682789487	0.19968584854414204	0.19430454546789208	0.17756084426490218
vatten	NOUN.Case=Nom.Definite=Ind.Gender=Neut.Number=Sing	1Bert	0.24178790267565503	0.21648881711489132	0.20128448648797653	0.170560788861014	0.16987800486046326
.	PUNCT	1Bert	0.36441771800386397	0.1709785596833506	0.1554437066022308	0.15493460610554285	0.15422540960501166

Städer	NOUN.Case=Nom.Definite=Ind.Gender=Com.Number=Plur	1Bert	0.26151418258644765	0.20222416286359635	0.20816848558161666	0.16442289855367465	0.16367027041466464
som	SCONJ	1Bert	0.2893693673129049	0.18821044413516025	0.17347254710262341	0.17765651045181097	0.1712911309975004
Kalkutta	PROPN.Case=Nom	1Bert	0.24117590761069876	0.2167730343629128	0.1874168666815593	0.1821939199204237	0.17244027142440552
kan	AUX.Mood=Ind.Tense=Pres.VerbForm=Fin.Voice=Act	1Bert	0.2995381171834526	0.19034267147174255	0.17547961659161748	0.17485357914270952	0.15978601561047776
näppeligen	ADV.Degree=Sup.Polarity=Neg	1Bert	0.23268807150188606	0.20774215098077095	0.19188779769973088	0.18676384031686905	0.18091813950074306
bli	VERB.VerbForm=Inf.Voice=Act	1Bert	0.26297190673035803	0.19794767512725392	0.17916492939670922	0.18569092368248746	0.17422456506319137
annat	PRON.Definite=Ind.Gender=Neut.Number=Sing.PronType=Ind	1Bert	0.21823262481997785	0.2168326957135009	0.19227365169464838	0.19754743191445967	0.17511359585741318
än	SCONJ	1Bert	0.27152769105566077	0.2118935533992585	0.1781489883252949	0.17169509821942727	0.1667346690003586
djungler	NOUN.Case=Nom.Definite=Ind.Gender=Com.Number=Plur	1Bert	0.25837516822156087	0.20308373868372423	0.209053328392608	0.16512179598447976	0.16436596871762726
,	PUNCT	1Bert	0.36194261256242966	0.170224049528211	0.15652424770666448	0.1560116082824446	0.15529748192025034
där	ADV	1Bert	0.26729587326924115	0.20253178341673417	0.1819317430182472	0.17943917172934523	0.16880142856643235
brottsligheten	NOUN.Case=Nom.Definite=Def.Gender=Com.Number=Sing	1Bert	0.27394393300499936	0.20820299431988212	0.16535667444040586	0.17953134199175855	0.1729650562429541
inte	PART.Polarity=Neg	1Bert	0.28396865021191614	0.1792703049574194	0.1795855744607938	0.17899740587452903	0.1781780644953416
kan	AUX.Mood=Ind.Tense=Pres.VerbForm=Fin.Voice=Act	1Bert	0.2995381171834526	0.19034267147174255	0.17547961659161748	0.17485357914270952	0.15978601561047776
bekämpas	VERB.VerbForm=Inf.Voice=Pass	1Bert	0.2264262462923218	0.22195896002526466	0.18713854660714732	0.1768473052602278	0.18762894181503847
,	PUNCT	1Bert	0.36194261256242966	0.170224049528211	0.15652424770666448	0.1560116082824446	0.15529748192025034
farsoterna	NOUN.Case=Nom.Definite=Def.Gender=Com.Number=Plur	1Bert	0.2571923675734358	0.19816982876714084	0.18222092267164994	0.18162412294095087	0.1807927580468224
får	VERB.Mood=Ind.Tense=Pres.VerbForm=Fin.Voice=Act	1Bert	0.2929822988124104	0.19236007877309866	0.17983597664289583	0.1778917662850631	0.15692987948653198
fritt	ADJ.Case=Nom.Definite=Ind.Degree=Pos.Gender=Neut.Number=Sing	1Bert	0.2350796365788988	0.21329370846050913	0.20849826373594835	0.1777562383652515	0.16537215285939222
spelrum	NOUN.Case=Nom.Definite=Ind.Gender=Neut.Number=Sing	1Bert	0.23068029008017163	0.22025188584790292	0.20478326932414131	0.17145368323565655	0.1728308715121275
och	CCONJ	1Bert	0.32279196481492906	0.18602485432187957	0.16140103676066603	0.16964609518042625	0.16013604892209915
folk	NOUN.Case=Nom.Definite=Ind.Gender=Neut.Number=Plur	1Bert	0.23025415818003755	0.214396303777186	0.21099208191603783	0.16765917276408673	0.1766982833626519
ligger	VERB.Mood=Ind.Tense=Pres.VerbForm=Fin.Voice=Act	1Bert	0.28359406968005046	0.19548179463057755	0.18275444508817829	0.17869307430508072	0.159476616296113
och	CCONJ	1Bert	0.32279196481492906	0.18602485432187957	0.16140103676066603	0.16964609518042625	0.16013604892209915
dör	VERB.Mood=Ind.Tense=Pres.VerbForm=Fin.Voice=Act	1Bert	0.26721684055176487	0.19995056018035973	0.1869322600597616	0.18277804526592284	0.16312229394219097
på	ADP	1Bert	0.31789782187814947	0.19742529646580478	0.17341854725747294	0.15876150845397535	0.15249682594459746
gatorna	NOUN.Case=Nom.Definite=Def.Gender=Com.Number=Plur	1Bert	0.26094543059931347	0.1971685683805711	0.1813002447227897	0.18070646034479482	0.1798792959525311
utan	ADP	1Bert	0.30289310037917155	0.1971947640242495	0.17418160204705363	0.1661843978967613	0.1595461356527638
att	SCONJ	1Bert	0.27163117859036523	0.20677608472175718	0.1747077128154473	0.17806267264558	0.16882235122685024
någon	PRON.Definite=Ind.Gender=Com.Number=Sing.PronType=Ind	1Bert	0.21788028273165944	0.19581662209259795	0.196160990387248	0.1955185349297717	0.1946235698587228
bryr	VERB.Mood=Ind.Tense=Pres.VerbForm=Fin.Voice=Act	1Bert	0.2725560345730029	0.19849368331072476	0.1855702369395263	0.18144629052522682	0.16193375465151927
sig	PRON.Case=Acc.Definite=Def.PronType=Prs	1Bert	0.26559084324705473	0.19378077054787057	0.180879481179711	0.18028707486283843	0.1794618301625251
om	ADP	1Bert	0.31276996645353555	0.19794289244544394	0.17611853578759082	0.16027197374397237	0.1528966315694573
det	PRON.Definite=Def.Gender=Neut.Number=Sing.PronType=Prs	1Bert	0.2885517521184706	0.19642750426348904	0.17231186389662367	0.17174751775863897	0.17096136196277772
.	PUNCT	1Bert	0.36441771800386397	0.1709785596833506	0.1554437066022308	0.15493460610554285	0.15422540960501166

Slumstäderna	NOUN.Case=Nom.Definite=Def.Gender=Com.Number=Plur	1Bert	0.2571923675734358	0.19816982876714084	0.18222092267164994	0.18162412294095087	0.1807927580468224
kring	ADP	1Bert	0.29390101079517306	0.20162895099315545	0.18118528781255033	0.16395818622112698	0.15932656417799418
den	DET.Definite=Def.Gender=Com.Number=Sing.PronType=Art	1Bert	0.28006573177229377	0.1811860034141656	0.17962438678866588	0.18090730539501515	0.1782165726298595
'	PUNCT	1Bert	0.3417217053905526	0.1766310419431638	0.16226653146210543	0.16005668172756607	0.15932403947661214
fina	ADJ.Case=Nom.Definite=Def.Degree=Pos.Number=Sing	1Bert	0.23336587608884685	0.2117483945578786	0.1914268894022227	0.17130632600763068	0.19215251394342128
'	PUNCT	1Bert	0.3417217053905526	0.1766310419431638	0.16226653146210543	0.16005668172756607	0.15932403947661214
stadskärnan	NOUN.Case=Nom.Definite=Def.Gender=Com.Number=Sing	1Bert	0.26538092781071254	0.21065851174184383	0.16730686827048225	0.18164870989748433	0.17500498227947703
är	AUX.Mood=Ind.Tense=Pres.VerbForm=Fin.Voice=Act	1Bert	0.3035292617070845	0.19215380352757302	0.1747801133877696	0.1721873130992715	0.15734950827830146
sedan	ADP	1Bert	0.2688441417298852	0.20655694586273057	0.1828050317791992	0.17411698347286086	0.16767689715532405
länge	ADV.Degree=Pos	1Bert	0.24161527989989698	0.2169236625850782	0.19929251389963681	0.18240350458387458	0.15976503903151354
ett	DET.Definite=Ind.Gender=Neut.Number=Sing.PronType=Art	1Bert	0.26966594085903967	0.18449564943495803	0.18288883271969916	0.18039813525550746	0.18255144173079577
faktum	NOUN.Case=Nom.Definite=Ind.Gender=Neut.Number=Sing	1Bert	0.23777700296424556	0.21822013704973256	0.2028942132566621	0.1698720812733629	0.1712365654559969
i	ADP	1Bert	0.3227418217611616	0.1953737071508301	0.17307346318523012	0.1566176340775375	0.15219337382524062
Asien	PROPN.Case=Nom	1Bert	0.23214109981438044	0.22757469399775734	0.1819096992648636	0.1872553821827541	0.1711191247402445
,	PUNCT	1Bert	0.36194261256242966	0.170224049528211	0.15652424770666448	0.1560116082824446	0.15529748192025034
Afrika	PROPN.Case=Nom	1Bert	0.2332605489194169	0.22724291652215195	0.18164449604850413	0.18698238558149433	0.17086965292843276
och	CCONJ	1Bert	0.32279196481492906	0.18602485432187957	0.16140103676066603	0.16964609518042625	0.16013604892209915
Sydamerika	PROPN.Case=Nom	2Flair	0.22617501778900712	0.22934289553968346	0.1833230945992966	0.18871031220899318	0.17244867986301982
,	PUNCT	1Bert	0.36194261256242966	0.170224049528211	0.15652424770666448	0.1560116082824446	0.15529748192025034
och	CCONJ	1Bert	0.32279196481492906	0.18602485432187957	0.16140103676066603	0.16964609518042625	0.16013604892209915
de	PRON.Case=Nom.Definite=Def.Number=Plur.PronType=Prs	1Bert	0.25473250874081615	0.21036085768359147	0.1923822097077181	0.17285048148770416	0.1696739423801701
fortsätter	VERB.Mood=Ind.Tense=Pres.VerbForm=Fin.Voice=Act	1Bert	0.2789108320451576	0.19675968424427945	0.18394913438227536	0.17986121389642457	0.160519135431863
att	PART	1Bert	0.29314421965855525	0.1815033892472127	0.17530551792364862	0.17692250281900168	0.17312437035158182
breda	VERB.VerbForm=Inf.Voice=Act	1Bert	0.2518718779174493	0.20177555147578813	0.18474298493703875	0.1885857709777532	0.1730238146919706
ut	ADV	1Bert	0.2654670785212522	0.20565741666069629	0.1819627558093413	0.17808254589555145	0.16883020311315888
sig	PRON.Case=Acc.Definite=Def.PronType=Prs	1Bert	0.26559084324705473	0.19378077054787057	0.180879481179711	0.18028707486283843	0.1794618301625251
med	ADP	1Bert	0.31645743621014166	0.19665582597935954	0.1742092390739339	0.15948537235140023	0.15319212638516475
en	DET.Definite=Ind.Gender=Com.Number=Sing.PronType=Art	1Bert	0.2796793501030537	0.19936637031566595	0.18555264081709005	0.16947149197778344	0.16593014678640688
förfärande	ADJ.Case=Nom.Tense=Pres.VerbForm=Part	1Bert	0.2329236040457722	0.2044486402184528	0.19071087790178648	0.19826177244120397	0.17365510539278461
fart	NOUN.Case=Nom.Definite=Ind.Gender=Com.Number=Sing	1Bert	0.26636593697463146	0.21893055970060613	0.1746704277498209	0.18394004918547158	0.15609302638947012
.	PUNCT	1Bert	0.36441771800386397	0.1709785596833506	0.1554437066022308	0.15493460610554285	0.15422540960501166

Sao	ADJ.Abbr=Yes	2Flair	0.2113274807649153	0.22518546771901637	0.1895110180952913	0.1937552530222344	0.18022078039854256
Paulo	PROPN.Case=Nom	1Bert	0.22934309629135938	0.22840395415923007	0.18257256060474228	0.1879377226738591	0.1717426662708092
i	ADP	1Bert	0.3227418217611616	0.1953737071508301	0.17307346318523012	0.1566176340775375	0.15219337382524062
Brasilien	PROPN.Case=Nom	1Bert	0.2365490515550442	0.2248071168730136	0.1794567409257105	0.18675229029560622	0.17243480035062547
hade	VERB.Mood=Ind.Tense=Past.VerbForm=Fin.Voice=Act	1Bert	0.2589248504874931	0.19047384516385032	0.18092561965878948	0.19016807766065522	0.17950760702921187
900000	NUM.Case=Nom.NumType=Card	1Bert	0.2612221174438725	0.19243728216425096	0.18279063191626185	0.18219196630584503	0.18135800216976958
invånare	NOUN.Case=Nom.Definite=Ind.Gender=Com.Number=Plur	1Bert	0.2688567123786478	0.20021351227895937	0.20609873248529653	0.16278809392685242	0.16204294893024387
1930	NUM.Case=Nom.NumType=Card	1Bert	0.26411583724536813	0.19168352438793804	0.1820746591136194	0.18147833841711006	0.18064764083596435
,	PUNCT	1Bert	0.36194261256242966	0.170224049528211	0.15652424770666448	0.1560116082824446	0.15529748192025034
har	VERB.Mood=Ind.Tense=Pres.VerbForm=Fin.Voice=Act	1Bert	0.3021588085227596	0.19041613518775297	0.17801859854948335	0.17406247296989483	0.15534398477010924
7	NUM.Case=Nom.NumType=Card	1Bert	0.2730515782619912	0.18935593749617433	0.17986375136227029	0.17927467170664288	0.17845406117292117
miljoner	NOUN.Case=Nom.Definite=Ind.Gender=Com.Number=Plur	1Bert	0.274014257665764	0.19880118958632995	0.20464489496205499	0.1616397732339791	0.16089988455187212
nu	ADV	1Bert	0.26634997734149496	0.20382502747520062	0.18309344782198494	0.17685225614601588	0.16987929121530368
och	CCONJ	1Bert	0.32279196481492906	0.18602485432187957	0.16140103676066603	0.16964609518042625	0.16013604892209915
omkring	ADV	1Bert	0.25157889664035316	0.21162336021269884	0.18346425362522642	0.1809506860446629	0.1723828034770588
20	NUM.Case=Nom.NumType=Card	1Bert	0.2746406933768927	0.18894200388909382	0.17947056775066095	0.1788827758279134	0.17806395915543904
miljoner	NOUN.Case=Nom.Definite=Ind.Gender=Com.Number=Plur	1Bert	0.274014257665764	0.19880118958632995	0.20464489496205499	0.1616397732339791	0.16089988455187212
år	NOUN.Case=Nom.Definite=Ind.Gender=Neut.Number=Sing	1Bert	0.2503423473324312	0.21616941479987725	0.20076787970683632	0.16569471417605805	0.16702564398479725
2000	NUM.Case=Nom.NumType=Card	1Bert	0.2717115512489327	0.18970498849310924	0.18019530485119492	0.17960513931020375	0.17878301609655936
.	PUNCT	1Bert	0.36441771800386397	0.1709785596833506	0.1554437066022308	0.15493460610554285	0.15422540960501166

Och	CCONJ	1Bert	0.3007919262465834	0.19206812870304335	0.16664437241118768	0.17515728294404848	0.16533828969513703
det	PRON.Definite=Def.Gender=Neut.Number=Sing.PronType=Prs	1Bert	0.2885517521184706	0.19642750426348904	0.17231186389662367	0.17174751775863897	0.17096136196277772
är	AUX.Mood=Ind.Tense=Pres.VerbForm=Fin.Voice=Act	1Bert	0.3035292617070845	0.19215380352757302	0.1747801133877696	0.1721873130992715	0.15734950827830146
folk	NOUN.Case=Nom.Definite=Ind.Gender=Neut.Number=Plur	1Bert	0.2290645830765552	0.21292820060779488	0.21218664297406348	0.16717916535245547	0.17864140798913095
som	PRON.PronType=Rel	1Bert	0.28854047720222487	0.18100396570061167	0.1766574655095577	0.17853959081159768	0.17525850077600813
inte	PART.Polarity=Neg	1Bert	0.28396865021191614	0.1792703049574194	0.1795855744607938	0.17899740587452903	0.1781780644953416
bor	VERB.Mood=Ind.Tense=Pres.VerbForm=Fin.Voice=Act	1Bert	0.28202372370728196	0.19591028640591868	0.18315503879448888	0.1790847655763566	0.15982618551595393
i	ADP	1Bert	0.3227418217611616	0.1953737071508301	0.17307346318523012	0.1566176340775375	0.15219337382524062
hus	NOUN.Case=Nom.Definite=Ind.Gender=Neut.Number=Plur	1Bert	0.23356078478480932	0.21473677214710338	0.2074588359392104	0.16675619513361975	0.17748741199525706
,	PUNCT	1Bert	0.36194261256242966	0.170224049528211	0.15652424770666448	0.1560116082824446	0.15529748192025034
utan	CCONJ	1Bert	0.30292504906966694	0.19267789993191844	0.1669059814703106	0.1736117104202857	0.1638793591078182
i	ADP	1Bert	0.3227418217611616	0.1953737071508301	0.17307346318523012	0.1566176340775375	0.15219337382524062
lerkojor	NOUN.Case=Nom.Definite=Ind.Gender=Com.Number=Plur	1Bert	0.25837516822156087	0.20308373868372423	0.209053328392608	0.16512179598447976	0.16436596871762726
,	PUNCT	1Bert	0.36194261256242966	0.170224049528211	0.15652424770666448	0.1560116082824446	0.15529748192025034
under	ADP	1Bert	0.303665154241912	0.20142923344583738	0.1781409002438892	0.1621123725503281	0.1546523395180332
korrugerad	ADJ.Case=Nom.Definite=Ind.Gender=Com.Number=Sing.Tense=Past.VerbForm=Part	1Bert	0.2180944289781876	0.20847783526259803	0.1882437319019007	0.20810657054250672	0.17707743331480702
plåt	NOUN.Case=Nom.Definite=Ind.Gender=Com.Number=Sing	1Bert	0.26074968940965326	0.2206065563381495	0.17600759625652596	0.18534818016712165	0.15728797782854964
eller	CCONJ	1Bert	0.3100841061846071	0.18951562440673633	0.16442973909639866	0.17282951664433407	0.16314101366792386
bakom	ADP	1Bert	0.2885495323243253	0.20315708374342975	0.1825584793647081	0.16520081468695966	0.16053408988057713
säckväv	NOUN.Case=Nom.Definite=Ind.Gender=Com.Number=Sing	1Bert	0.2509427044671176	0.22322564663654354	0.17817020064127173	0.18669270161295992	0.1609687466421072
,	PUNCT	1Bert	0.36194261256242966	0.170224049528211	0.15652424770666448	0.1560116082824446	0.15529748192025034
utspänd	ADJ.Case=Nom.Definite=Ind.Gender=Com.Number=Sing.Tense=Past.VerbForm=Part	1Bert	0.22868922339167236	0.20917926750108154	0.18531633676965467	0.20249148604574788	0.17432368629184358
på	ADP	1Bert	0.31789782187814947	0.19742529646580478	0.17341854725747294	0.15876150845397535	0.15249682594459746
fyra	NUM.Case=Nom.NumType=Card	1Bert	0.27420637485677407	0.1890551354237251	0.17957802813709095	0.17898988426612172	0.17817057731628805
käppar	NOUN.Case=Nom.Definite=Ind.Gender=Com.Number=Plur	1Bert	0.26020216164014653	0.20258344171671566	0.2085383253361558	0.1647150182963523	0.16396105301062958
.	PUNCT	1Bert	0.36441771800386397	0.1709785596833506	0.1554437066022308	0.15493460610554285	0.15422540960501166

Grundorsaken	NOUN.Case=Nom.Definite=Def.Gender=Com.Number=Sing	1Bert	0.26538092781071254	0.21065851174184383	0.16730686827048225	0.18164870989748433	0.17500498227947703

Jag	PRON.Case=Nom.Definite=Def.Gender=Com.Number=Sing.PronType=Prs	1Bert	0.2682971979518122	0.1831939125293867	0.18351608219289045	0.18291504062847572	0.18207776669743497
har	AUX.Mood=Ind.Tense=Pres.VerbForm=Fin.Voice=Act	1Bert	0.30230724710557927	0.18990909032768105	0.17604069767217032	0.1741176088873578	0.1576253560072115
med	ADP	1Bert	0.31645743621014166	0.19665582597935954	0.1742092390739339	0.15948537235140023	0.15319212638516475
flit	NOUN.Case=Nom.Definite=Ind.Gender=Com.Number=Sing	1Bert	0.25873627159213436	0.22120739906331252	0.17648696951514328	0.18585299338538758	0.15771636644402226
plockat	VERB.VerbForm=Sup.Voice=Act	1Bert	0.24543243276545387	0.18637746680659353	0.18670523515291415	0.1962429407464262	0.18524192452861235
endast	ADV	1Bert	0.25917351577939246	0.20581881528940904	0.18488444223347003	0.1785822000964078	0.17154102660132067
ur	ADP	1Bert	0.29768833181427035	0.20054746868567488	0.18021345969868144	0.16307875954806572	0.15847198025330764
bokens	NOUN.Case=Gen.Definite=Def.Gender=Com.Number=Sing	1Bert	0.23118130417072938	0.1870339483222782	0.21263165705346254	0.192887333505765	0.17626575694776483
rikhaltiga	ADJ.Case=Nom.Definite=Def.Degree=Pos.Number=Sing	1Bert	0.2265201852895609	0.21517074478062564	0.19267514818005296	0.16809155216460409	0.1975423695851564
exempelflora	NOUN.Case=Nom.Definite=Ind.Gender=Com.Number=Sing	1Bert	0.2513078001085747	0.2201017610926625	0.1831494488048341	0.18268473336153174	0.162756256632397
av	ADP	1Bert	0.3189844316488305	0.19330188648130583	0.17594565288300032	0.15902148504815775	0.15274654393870554
befolkningsproblem	NOUN.Case=Nom.Definite=Ind.Gender=Neut.Number=Plur	1Bert	0.22350061979817817	0.21313600434972246	0.21117114390538766	0.16926301999572546	0.1829292119509864
,	PUNCT	1Bert	0.36194261256242966	0.170224049528211	0.15652424770666448	0.1560116082824446	0.15529748192025034
därför	ADV	1Bert	0.26071606523371765	0.2099480595370158	0.18292442095538272	0.17668899097698068	0.16972246329690296
att	SCONJ	1Bert	0.27163117859036523	0.20677608472175718	0.1747077128154473	0.17806267264558	0.16882235122685024
detta	PRON.Definite=Def.Gender=Neut.Number=Sing.PronType=Dem	1Bert	0.2298722575074937	0.18814216168845324	0.2132886637015659	0.18477134403138035	0.18392557307110677
när	SCONJ	1Bert	0.2622650324598072	0.20897557725030957	0.17971307134746167	0.1780656847074187	0.17098063423500284
allt	PRON.Definite=Ind.Gender=Neut.Number=Sing.PronType=Tot	2Flair	0.19104235828115787	0.22347968997194875	0.18183240756149524	0.20825049176365545	0.1953950524217427
kommer	VERB.Mood=Ind.Tense=Pres.VerbForm=Fin.Voice=Act	1Bert	0.29362205501880073	0.19274551274403234	0.18019631593489607	0.1761917947184261	0.15724432158384463
omkring	ADV	1Bert	0.25843743048153184	0.21091374565537324	0.18294035263026703	0.17782815829817888	0.16988031293464906
är	AUX.Mood=Ind.Tense=Pres.VerbForm=Fin.Voice=Act	1Bert	0.3035292617070845	0.19215380352757302	0.1747801133877696	0.1721873130992715	0.15734950827830146
grundorsaken	NOUN.Case=Nom.Definite=Def.Gender=Com.Number=Sing	1Bert	0.26538092781071254	0.21065851174184383	0.16730686827048225	0.18164870989748433	0.17500498227947703
till	ADP	1Bert	0.3157489104124726	0.1975465236008806	0.17352503327537122	0.15885899445589466	0.15432053825538095
världens	NOUN.Case=Gen.Definite=Def.Gender=Com.Number=Sing	1Bert	0.2406955654166163	0.1847193716140877	0.2100003043752211	0.1905003201670521	0.17408443842702293
desperata	ADJ.Case=Nom.Definite=Def.Degree=Pos.Number=Sing	1Bert	0.22536113198229935	0.21690404727668544	0.19241192100652652	0.1638455831680364	0.2014773165664522
situation	NOUN.Case=Nom.Definite=Ind.Gender=Com.Number=Sing	1Bert	0.27181029353501446	0.21730585865542967	0.17337418465376964	0.18257501549364655	0.1549346476621397
just	ADV	1Bert	0.25965573311960766	0.20568484410480764	0.18476409761043083	0.17846595771661375	0.17142936744854012
nu	ADV	1Bert	0.26634997734149496	0.20382502747520062	0.18309344782198494	0.17685225614601588	0.16987929121530368
.	PUNCT	1Bert	0.36441771800386397	0.1709785596833506	0.1554437066022308	0.15493460610554285	0.15422540960501166

Allt	DET.Gender=Neut.Number=Sing.PronType=Tot	1Bert	0.21904752285246873	0.21214997735544672	0.18810292331373704	0.19835457126565909	0.18234500521268848
det	DET.Definite=Def.Gender=Neut.Number=Sing.PronType=Art	1Bert	0.2602694867018491	0.20066994825076856	0.1803549310731645	0.17976424273333722	0.1789413912408806
andra	ADJ.Case=Nom	1Bert	0.24084454361112997	0.19576490779049477	0.19000413332782326	0.18189921993437724	0.19148719533617475
,	PUNCT	1Bert	0.36194261256242966	0.170224049528211	0.15652424770666448	0.1560116082824446	0.15529748192025034
miljöförstöringen	NOUN.Case=Nom.Definite=Def.Gender=Com.Number=Sing	1Bert	0.26538092781071254	0.21065851174184383	0.16730686827048225	0.18164870989748433	0.17500498227947703
i	ADP	1Bert	0.3227418217611616	0.1953737071508301	0.17307346318523012	0.1566176340775375	0.15219337382524062
form	NOUN.Case=Nom.Definite=Ind.Gender=Com.Number=Sing	1Bert	0.2736523956184082	0.2167561398508257	0.17293559984005696	0.18211315533079256	0.15454270935991646
av	ADP	1Bert	0.3189844316488305	0.19330188648130583	0.17594565288300032	0.15902148504815775	0.15274654393870554
luft-	NOUN.Gender=Com	4Marmot	0.1982662288371619	0.20313032188364305	0.18801528074599486	0.2160338218271023	0.19455434670609803
och	CCONJ	1Bert	0.32279196481492906	0.18602485432187957	0.16140103676066603	0.16964609518042625	0.16013604892209915
vatten-	NOUN.Gender=Neut	4Marmot	0.19610767543449653	0.20367698671349574	0.19099408574537127	0.2157398636627811	0.1934813884438553
och	CCONJ	1Bert	0.32279196481492906	0.18602485432187957	0.16140103676066603	0.16964609518042625	0.16013604892209915
jordföroreningar	NOUN.Case=Nom.Definite=Ind.Gender=Com.Number=Plur	1Bert	0.25837516822156087	0.20308373868372423	0.209053328392608	0.16512179598447976	0.16436596871762726
,	PUNCT	1Bert	0.36194261256242966	0.170224049528211	0.15652424770666448	0.1560116082824446	0.15529748192025034
jorderosionen	NOUN.Case=Nom.Definite=Def.Gender=Com.Number=Sing	1Bert	0.26538092781071254	0.21065851174184383	0.16730686827048225	0.18164870989748433	0.17500498227947703
och	CCONJ	1Bert	0.32279196481492906	0.18602485432187957	0.16140103676066603	0.16964609518042625	0.16013604892209915
de	DET.Definite=Def.Number=Plur.PronType=Art	1Bert	0.26394718812349216	0.19137619830686975	0.19287287607925643	0.1775331660373599	0.17427057145302188
minskade	ADJ.Case=Nom.Number=Plur.Tense=Past.VerbForm=Part	2Flair	0.20536423499002993	0.2304615344246878	0.20618434958808401	0.19068368089757076	0.16730620009962754
naturtillgångarna	NOUN.Case=Nom.Definite=Def.Gender=Com.Number=Plur	1Bert	0.2571923675734358	0.19816982876714084	0.18222092267164994	0.18162412294095087	0.1807927580468224
,	PUNCT	1Bert	0.36194261256242966	0.170224049528211	0.15652424770666448	0.1560116082824446	0.15529748192025034
är	AUX.Mood=Ind.Tense=Pres.VerbForm=Fin.Voice=Act	1Bert	0.3035292617070845	0.19215380352757302	0.1747801133877696	0.1721873130992715	0.15734950827830146
konsekvenser	NOUN.Case=Nom.Definite=Ind.Gender=Com.Number=Plur	1Bert	0.2670306996372458	0.20071354070103734	0.20661345910301507	0.16319465326849125	0.16244764729021047
av	ADP	1Bert	0.3189844316488305	0.19330188648130583	0.17594565288300032	0.15902148504815775	0.15274654393870554
överbefolkningen	NOUN.Case=Nom.Definite=Def.Gender=Com.Number=Sing	1Bert	0.26538092781071254	0.21065851174184383	0.16730686827048225	0.18164870989748433	0.17500498227947703
.	PUNCT	1Bert	0.36441771800386397	0.1709785596833506	0.1554437066022308	0.15493460610554285	0.15422540960501166

Taylor	PROPN.Case=Nom	1Bert	0.2438690851224122	0.2175740451672731	0.19182636974117645	0.1781333850122761	0.16859711495686222
visar	VERB.Mood=Ind.Tense=Pres.VerbForm=Fin.Voice=Act	1Bert	0.2854568752372195	0.19497350099710553	0.18227924523080746	0.17822843486289397	0.1590619436719734
med	ADP	1Bert	0.31645743621014166	0.19665582597935954	0.1742092390739339	0.15948537235140023	0.15319212638516475
många	ADJ.Case=Nom.Degree=Pos.Number=Plur	1Bert	0.24811853054887517	0.20388814454825538	0.1872022579204146	0.18235310087452627	0.17843796610792867
exempel	NOUN.Case=Nom.Definite=Ind.Gender=Neut.Number=Plur	1Bert	0.23678944519619957	0.20948844554922566	0.207557211258423	0.16636629299707623	0.17979860499907546
hur	ADV	1Bert	0.2661497980545101	0.20388064193360655	0.18314340558754705	0.17690051097794335	0.16992564344639302
myndigheterna	NOUN.Case=Nom.Definite=Def.Gender=Com.Number=Plur	1Bert	0.26341117704366657	0.19651074456545436	0.18069536322649085	0.18010355992239682	0.17927915524199145
viftar	VERB.Mood=Ind.Tense=Pres.VerbForm=Fin.Voice=Act	1Bert	0.26721684055176487	0.19995056018035973	0.1869322600597616	0.18277804526592284	0.16312229394219097
bort	ADV	1Bert	0.25937152913581996	0.20576380257685156	0.1848350250086034	0.17853446737951323	0.17149517589921184
alla	DET.Number=Plur.PronType=Tot	1Bert	0.23425033947249282	0.1946366597075668	0.19174760248037698	0.18913626060585875	0.19022913773370476
vetenskapligt	ADV.Degree=Pos	1Bert	0.23733350442989837	0.21551523888917998	0.1960918070800457	0.18638913812280739	0.16467031147806852
grundade	ADJ.Case=Nom.Number=Plur.Tense=Past.VerbForm=Part	2Flair	0.21356960450383716	0.22187945211715623	0.20149209088940698	0.1919644792663486	0.17109437322325102
farhågor	NOUN.Case=Nom.Definite=Ind.Gender=Com.Number=Plur	1Bert	0.26151418258644765	0.20222416286359635	0.20816848558161666	0.16442289855367465	0.16367027041466464
,	PUNCT	1Bert	0.36194261256242966	0.170224049528211	0.15652424770666448	0.1560116082824446	0.15529748192025034
sedan	ADV	1Bert	0.2617208371564999	0.20736193909793038	0.18347089300689098	0.1772168351810176	0.17022949555766115
tvingas	VERB.Mood=Ind.Tense=Pres.VerbForm=Fin.Voice=Pass	1Bert	0.2277150953255309	0.21307270619199076	0.18835826405249498	0.18417235902562312	0.18668157540436037
tillbaka	ADV	1Bert	0.257802797440374	0.20785441012272413	0.18390662436189273	0.17763771355827412	0.17279845451673503
steg	NOUN.Case=Nom.Definite=Ind.Gender=Neut.Number=Sing	1Bert	0.23324557564963141	0.2162596219741119	0.20597630532691882	0.16793878086578246	0.1765797161835555
för	ADP	1Bert	0.3172082356209793	0.19850421859444292	0.17331592700295972	0.15683704442955418	0.15413457435206385
steg	NOUN.Case=Nom.Definite=Ind.Gender=Neut.Number=Sing	1Bert	0.2344749184434583	0.21776802257062056	0.20474690639754525	0.16839714115956747	0.1746130114288084
allt	ADV	1Bert	0.24029530790665019	0.2141708940001679	0.18483955742662175	0.18446945597579317	0.176224784690767
eftersom	SCONJ	1Bert	0.2527437256874386	0.21059049350736136	0.18051885531202255	0.1817091911571543	0.17443773433602322
skadorna	NOUN.Case=Nom.Definite=Def.Gender=Com.Number=Plur	1Bert	0.26002139667723456	0.19741508663929597	0.18152692294540168	0.1809323961636245	0.18010419757444324
börjar	VERB.Mood=Ind.Tense=Pres.VerbForm=Fin.Voice=Act	1Bert	0.2818822552967999	0.19594888812261885	0.18319112724624637	0.17912005203074818	0.15985767730358663
kristallisera	VERB.VerbForm=Inf.Voice=Act	1Bert	0.2503990582533475	0.20223929968063245	0.18444097257869588	0.19039244367837277	0.1725282258089514
sig	PRON.Case=Acc.Definite=Def.PronType=Prs	1Bert	0.26559084324705473	0.19378077054787057	0.180879481179711	0.18028707486283843	0.1794618301625251
i	ADP	1Bert	0.3227418217611616	0.1953737071508301	0.17307346318523012	0.1566176340775375	0.15219337382524062
statistik	NOUN.Case=Nom.Definite=Ind.Gender=Com.Number=Sing	1Bert	0.26219734145094936	0.22017454903692676	0.17566292578110757	0.18498521830220857	0.15697996542880782
.	PUNCT	1Bert	0.36441771800386397	0.1709785596833506	0.1554437066022308	0.15493460610554285	0.15422540960501166

Han	PRON.Case=Nom.Definite=Def.Gender=Com.Number=Sing.PronType=Prs	1Bert	0.264493495934943	0.18414623231361554	0.18447007675189864	0.18386591071808953	0.18302428428145326
utreder	VERB.Mood=Ind.Tense=Pres.VerbForm=Fin.Voice=Act	1Bert	0.26721684055176487	0.19995056018035973	0.1869322600597616	0.18277804526592284	0.16312229394219097
hur	ADV	1Bert	0.2661497980545101	0.20388064193360655	0.18314340558754705	0.17690051097794335	0.16992564344639302
både	CCONJ	1Bert	0.30108881600200615	0.19198657492542603	0.16657361377892227	0.17508290965683143	0.1652680856368142
amerikanska	ADJ.Case=Nom.Degree=Pos.Number=Plur	1Bert	0.2374061895314615	0.20528722353802034	0.19114167730466286	0.18619047627983942	0.1799744333460158
och	CCONJ	1Bert	0.32279196481492906	0.18602485432187957	0.16140103676066603	0.16964609518042625	0.16013604892209915
brittiska	ADJ.Case=Nom.Degree=Pos.Number=Plur	1Bert	0.23346580943210543	0.20846395320523725	0.19140358955888093	0.18644560414124595	0.18022104366253058
myndigheter	NOUN.Case=Nom.Definite=Ind.Gender=Com.Number=Plur	1Bert	0.26934245904890614	0.20008049724814836	0.20596180751485077	0.16267994306788758	0.16193529312020727
på	ADP	1Bert	0.31789782187814947	0.19742529646580478	0.17341854725747294	0.15876150845397535	0.15249682594459746
helt	ADV.Degree=Pos	1Bert	0.24494326829201601	0.21597174542229067	0.19841796677953305	0.1816030708068638	0.15906394869929644
godtyckliga	ADJ.Case=Nom.Degree=Pos.Number=Plur	1Bert	0.23046326223004007	0.20715623197917127	0.1928818996243047	0.18788562109124796	0.1816129850752361
grunder	NOUN.Case=Nom.Definite=Ind.Gender=Com.Number=Plur	1Bert	0.26410467977184815	0.20151479091309246	0.20743826184099437	0.1638461277533762	0.16309613972068887
har	AUX.Mood=Ind.Tense=Pres.VerbForm=Fin.Voice=Act	1Bert	0.30238537818682254	0.18956896018344302	0.1747663211483329	0.17414282843748796	0.15913651204391366
fastslagit	VERB.VerbForm=Sup.Voice=Act	1Bert	0.24543243276545387	0.18637746680659353	0.18670523515291415	0.1962429407464262	0.18524192452861235
den	DET.Definite=Def.Gender=Com.Number=Sing.PronType=Art	1Bert	0.28006573177229377	0.1811860034141656	0.17962438678866588	0.18090730539501515	0.1782165726298595
'	PUNCT	1Bert	0.3417217053905526	0.1766310419431638	0.16226653146210543	0.16005668172756607	0.15932403947661214
godtagbara	ADJ.Case=Nom.Definite=Def.Degree=Pos.Number=Sing	1Bert	0.2278724564035145	0.21620085969667116	0.19178813516759335	0.16331440737592684	0.2008241413562939
dosen	NOUN.Case=Nom.Definite=Def.Gender=Com.Number=Sing	1Bert	0.26862928387550467	0.2097270169302847	0.16656706678587319	0.18084549131686856	0.17423114109146892
'	PUNCT	1Bert	0.3417217053905526	0.1766310419431638	0.16226653146210543	0.16005668172756607	0.15932403947661214
av	ADP	1Bert	0.3189844316488305	0.19330188648130583	0.17594565288300032	0.15902148504815775	0.15274654393870554
radioaktiv	ADJ.Case=Nom.Definite=Ind.Degree=Pos.Gender=Com.Number=Sing	1Bert	0.24667019411518926	0.2096208863403612	0.18035517672153062	0.19369692898791546	0.1696568138350035
strålning	NOUN.Case=Nom.Definite=Ind.Gender=Com.Number=Sing	1Bert	0.26787680279508597	0.21847968818798771	0.1743107067493495	0.18356123807604596	0.155771564191531
och	CCONJ	1Bert	0.32279196481492906	0.18602485432187957	0.16140103676066603	0.16964609518042625	0.16013604892209915
hur	ADV	1Bert	0.2661497980545101	0.20388064193360655	0.18314340558754705	0.17690051097794335	0.16992564344639302
de	PRON.Case=Nom.Definite=Def.Number=Plur.PronType=Prs	1Bert	0.25473250874081615	0.21036085768359147	0.1923822097077181	0.17285048148770416	0.1696739423801701
sedan	ADV	1Bert	0.2617208371564999	0.20736193909793038	0.18347089300689098	0.1772168351810176	0.17022949555766115
med	ADP	1Bert	0.31645743621014166	0.19665582597935954	0.1742092390739339	0.15948537235140023	0.15319212638516475
tvetydigt	ADJ.Case=Nom.Definite=Ind.Degree=Pos.Gender=Neut.Number=Sing	1Bert	0.2328831693621023	0.2100612364395266	0.21188532496052953	0.17756203419664718	0.1676082350411945
officiellt	ADJ.Case=Nom.Definite=Ind.Degree=Pos.Gender=Neut.Number=Sing	1Bert	0.23496500707622245	0.20949116238192725	0.2113103006057587	0.17708015800175378	0.16715337193433796
fikonspråk	NOUN.Case=Nom.Definite=Ind.Gender=Neut.Number=Sing	1Bert	0.22902462036095908	0.2207258947330202	0.2052239878624155	0.17182267244511065	0.17320282459849465
justerar	VERB.Mood=Ind.Tense=Pres.VerbForm=Fin.Voice=Act	1Bert	0.2691628459802025	0.19941956424996318	0.18643583599742328	0.18229265328645305	0.16268910048595797
den	DET.Definite=Def.Gender=Com.Number=Sing.PronType=Art	1Bert	0.28006573177229377	0.1811860034141656	0.17962438678866588	0.18090730539501515	0.1782165726298595
godtagbara	ADJ.Case=Nom.Definite=Def.Degree=Pos.Number=Sing	1Bert	0.2278724564035145	0.21620085969667116	0.19178813516759335	0.16331440737592684	0.2008241413562939
dosen	NOUN.Case=Nom.Definite=Def.Gender=Com.Number=Sing	1Bert	0.26862928387550467	0.2097270169302847	0.16656706678587319	0.18084549131686856	0.17423114109146892
uppåt	ADV	1Bert	0.24832579762792995	0.20883256350992024	0.18759165419559234	0.1811971300628384	0.17405285460371908
.	PUNCT	1Bert	0.36441771800386397	0.1709785596833506	0.1554437066022308	0.15493460610554285	0.15422540960501166

Blodkräfta	NOUN.Case=Nom.Definite=Ind.Gender=Com.Number=Sing	1Bert	0.2586497987572299	0.21562524551238887	0.17797315440030428	0.185049928626876	0.16270187270320108

