Lägenheter	NN.UTR.PLU.IND.NOM	1Bert	0.2557528541375995	0.21671886744911104	0.1852383340381236	0.18422883093272252	0.15806111344244336
som	HP.-.-.-	1Bert	0.278635089279907	0.1882210194661787	0.16892985707515512	0.19680191393403135	0.1674121202447279
har	VB.PRS.AKT	1Bert	0.34783649509124304	0.16362914729694142	0.16359077769423713	0.1628225705208089	0.16212100939676963
färdigställts	VB.SUP.SFO	1Bert	0.2163671791130548	0.21384418967042168	0.19079961081490895	0.1899036334757139	0.1890853869259008
efter	PP	1Bert	0.31966124036740506	0.18006032152614104	0.17335049084155538	0.17263698439425848	0.15429096287063998
år	NN.NEU.SIN.IND.NOM	1Bert	0.25119581856630324	0.22893070757993603	0.1908788801635437	0.16605313754216028	0.16294145614805672
1968	RG.NOM	1Bert	0.2785499164051319	0.1996919200709415	0.17471611240701757	0.17389566168995185	0.1731463894269571
undantas	VB.PRS.SFO	1Bert	0.2536698518772774	0.1733534363540154	0.20128755120236919	0.1724989256623953	0.19919023490394283
dock	AB	1Bert	0.26304798910764754	0.21303715672004744	0.182569730239801	0.16750062002779692	0.17384450390470713
från	PP	1Bert	0.32715364225689597	0.1769386746317726	0.17042751331637734	0.1718724736249096	0.15360769617004458
regleringen	NN.UTR.SIN.DEF.NOM	1Bert	0.2653202809900738	0.2170936974277253	0.186669991767989	0.16581524280171142	0.16510078701250042
.	MAD	1Bert	0.35058231957692965	0.16065050456797306	0.1697387452103435	0.15985861040853364	0.1591698202362201

Tvister	NN.UTR.PLU.IND.NOM	1Bert	0.2477155742678357	0.21850293963694173	0.1892029192381928	0.18400279500840536	0.16057577184862432
om	PP	1Bert	0.3316044505187973	0.1746398203849024	0.17034055901987638	0.17180320324835252	0.15161196682807146
hyran	NN.UTR.SIN.DEF.NOM	1Bert	0.26870088426983574	0.21609474829853356	0.185811036266598	0.16505224970533822	0.1643410814596945
på	PP	1Bert	0.33753225300505657	0.17420940723043257	0.16779868014944058	0.16922135204039251	0.1512383075746777
dessa	DT.UTR+NEU.PLU.DEF	1Bert	0.26277245226377544	0.19384829846908258	0.18326691338831808	0.18044491360289544	0.17966742227592838
orter	NN.UTR.PLU.IND.NOM	1Bert	0.2695911969386162	0.21268925175507464	0.1817940594036022	0.18080332674308477	0.15512216515962207
prövas	VB.PRS.SFO	1Bert	0.2536698518772774	0.1733534363540154	0.20128755120236919	0.1724989256623953	0.19919023490394283
av	PP	1Bert	0.3371543555457046	0.17430878307580197	0.16789439906586898	0.16931788250439514	0.15132457980822936
de	DT.UTR+NEU.PLU.DEF	1Bert	0.2697734259703746	0.195100482626571	0.17896882110862816	0.18070352274198545	0.17545374755244073
nya	JJ.POS.UTR+NEU.PLU.IND+DEF.NOM	1Bert	0.254725434243545	0.19793942056690544	0.18552564406763855	0.20350323030745754	0.15830627081445348
statliga	JJ.POS.UTR+NEU.PLU.IND+DEF.NOM	1Bert	0.24788178053920135	0.1997570444481436	0.18722927561447056	0.2053719451407967	0.15975995425738768
hyresnämnderna	NN.UTR.PLU.DEF.NOM	1Bert	0.25799317309612696	0.18617101917068593	0.1861273636963488	0.18525332679782586	0.18445511723901237
.	MAD	1Bert	0.35058231957692965	0.16065050456797306	0.1697387452103435	0.15985861040853364	0.1591698202362201

Man	PN.UTR.SIN.IND.SUB	1Bert	0.26157143711582936	0.18527322546413819	0.18522978051456634	0.18435995858371282	0.1835655983217534
vänder	VB.PRS.AKT	1Bert	0.3215984008771232	0.17021233839953756	0.17017242509614605	0.16937331111477674	0.16864352451241657
sig	PN.UTR+NEU.SIN+PLU.DEF.OBJ	1Bert	0.2552974640319094	0.18836500829496816	0.18629536980253125	0.18542054396286034	0.18462161390773066
till	PP	1Bert	0.33456392418845876	0.1739710214386822	0.16756906670974167	0.17114526738334468	0.1527507202797727
länshyresnämnden	NN.UTR.SIN.DEF.NOM	1Bert	0.2653202809900738	0.2170936974277253	0.186669991767989	0.16581524280171142	0.16510078701250042
.	MAD	1Bert	0.35058231957692965	0.16065050456797306	0.1697387452103435	0.15985861040853364	0.1591698202362201

Sanitär	JJ.POS.UTR.SIN.IND.NOM	1Bert	0.24928309562585171	0.20685270674660777	0.18959664177041843	0.18238558568650728	0.17188197017061485
olägenhet	NN.UTR.SIN.IND.NOM	1Bert	0.26084922451625	0.21560037751554464	0.18399902263140655	0.1715694942498005	0.16798188108699827

Om	SN	1Bert	0.2799606340594167	0.18065933862026196	0.18061697558676706	0.17976881496155134	0.1789942367720029
man	PN.UTR.SIN.IND.SUB	1Bert	0.2693228535582277	0.18332837934308668	0.1832853904429059	0.18242469918813353	0.18163867746764614
behöver	VB.PRS.AKT	1Bert	0.32740009293556727	0.1687566820844307	0.16871711011970295	0.16792483016296667	0.1672012846973325
klaga	VB.INF.AKT	1Bert	0.26475895758219053	0.1967796526065667	0.172168087181539	0.19567204589876636	0.17062125673093737
över	PP	1Bert	0.320612180952998	0.1786588853157526	0.1720844220157394	0.17354343033365027	0.15510108138185974
t.ex.	AB.AN	1Bert	0.24942724563564264	0.2123335152879936	0.18023497085546064	0.17938860408915924	0.17861566413174382
dålig	JJ.POS.UTR.SIN.IND.NOM	1Bert	0.25618464043973466	0.20495105351731904	0.1878536282427943	0.18070886535999342	0.17030181244015857
uppvärmning	NN.UTR.SIN.IND.NOM	1Bert	0.26454167715978877	0.21452333855365732	0.18307984930431473	0.1707124130512065	0.16714272193103263
,	MID	1Bert	0.3154935709245797	0.1904070688936431	0.1804366885300492	0.1571699385096729	0.15649273314205508
störande	PC.PRS.UTR+NEU.SIN+PLU.IND+DEF.NOM	1Bert	0.2280610660930719	0.2057071917904113	0.1799790438742711	0.2078906617361364	0.1783620365061092
buller	NN.NEU.SIN.IND.NOM	1Bert	0.23444096147844473	0.22393547055652874	0.19530898302493738	0.18109385239092052	0.16522073254916864
etc.	AB.AN	1Bert	0.2444917524133238	0.2137297431945908	0.18142013041782082	0.1805681982517439	0.1797901757225206
vänder	VB.PRS.AKT	1Bert	0.3215984008771232	0.17021233839953756	0.17017242509614605	0.16937331111477674	0.16864352451241657
man	PN.UTR.SIN.IND.SUB	1Bert	0.2693228535582277	0.18332837934308668	0.1832853904429059	0.18242469918813353	0.18163867746764614
sig	PN.UTR+NEU.SIN+PLU.DEF.OBJ	1Bert	0.2552974640319094	0.18836500829496816	0.18629536980253125	0.18542054396286034	0.18462161390773066
till	PP	1Bert	0.33456392418845876	0.1739710214386822	0.16756906670974167	0.17114526738334468	0.1527507202797727
hälsovårdsnämnden	NN.UTR.SIN.DEF.NOM	1Bert	0.2653202809900738	0.2170936974277253	0.186669991767989	0.16581524280171142	0.16510078701250042
.	MAD	1Bert	0.35058231957692965	0.16065050456797306	0.1697387452103435	0.15985861040853364	0.1591698202362201

Här	AB	1Bert	0.2587893436562231	0.21426824056952587	0.18362475110922247	0.168468560603369	0.17484910406165963
nedan	AB	1Bert	0.2506898819470553	0.21660962273278864	0.18563128140899027	0.1703094740388779	0.1767597398722879
kan	VB.PRS.AKT	1Bert	0.3431053703947287	0.16481619608764986	0.16477754813239506	0.16400376799466737	0.163297117390559
man	PN.UTR.SIN.IND.SUB	1Bert	0.2693228535582277	0.18332837934308668	0.1832853904429059	0.18242469918813353	0.18163867746764614
läsa	VB.INF.AKT	1Bert	0.28060138001209595	0.19253959226941306	0.1684583383934283	0.19145585144006458	0.16694483788499812
om	PP	1Bert	0.3316044505187973	0.1746398203849024	0.17034055901987638	0.17180320324835252	0.15161196682807146
några	DT.UTR+NEU.PLU.IND	1Bert	0.22649065686858905	0.19407506444341446	0.19402955553964935	0.1931184106785298	0.19228631246981748
huvuddrag	NN.NEU.PLU.IND.NOM	1Bert	0.2242775937162779	0.22321892724732967	0.20189165723074748	0.18239082351858363	0.16822099828706125
i	PP	1Bert	0.340855134364411	0.1733355877961491	0.16695701637196297	0.16837255226281775	0.15047970920465922
äktenskapslagstiftningen	NN.UTR.SIN.DEF.NOM	1Bert	0.2653202809900738	0.2170936974277253	0.186669991767989	0.16581524280171142	0.16510078701250042
.	MAD	1Bert	0.35058231957692965	0.16065050456797306	0.1697387452103435	0.15985861040853364	0.1591698202362201

I	PP	1Bert	0.3198477354558891	0.1823449154694342	0.1710803673803302	0.17253086287617653	0.15419611881816994
Socialkatalogen	NN.UTR.SIN.DEF.NOM	1Bert	0.2653202809900738	0.2170936974277253	0.186669991767989	0.16581524280171142	0.16510078701250042
finns	VB.PRS.SFO	1Bert	0.27359350792115844	0.16872567979261988	0.19591407949395886	0.1678939806906809	0.19387275210158195
vidare	JJ.KOM.UTR+NEU.SIN+PLU.IND+DEF.NOM	1Bert	0.23038269358052593	0.18563799110837914	0.20558912661089823	0.1988204209624587	0.179569767737738
upplysningar	NN.UTR.PLU.IND.NOM	1Bert	0.26452778971862767	0.2141636757878038	0.18305430893657212	0.1820567082277983	0.1561975173291981
om	PP	1Bert	0.3316044505187973	0.1746398203849024	0.17034055901987638	0.17180320324835252	0.15161196682807146
bl.a.	AB.AN	1Bert	0.2512571993065105	0.21181582996902862	0.17979554423809688	0.17895124097858	0.17818018550778392
barn-	NN.NEU.-.-.SMS	2Flair	0.19425791773154544	0.2244029186749927	0.21430899584599808	0.183911297421183	0.1831188703262808
och	KN	1Bert	0.32126625316328683	0.18259352391758177	0.1597562417059454	0.17806305672188708	0.15832092449129886
ungdomsfrågor	NN.UTR.PLU.IND.NOM	1Bert	0.2557528541375995	0.21671886744911104	0.1852383340381236	0.18422883093272252	0.15806111344244336
,	MID	1Bert	0.3154935709245797	0.1904070688936431	0.1804366885300492	0.1571699385096729	0.15649273314205508
bostadsfrågor	NN.UTR.PLU.IND.NOM	1Bert	0.2557528541375995	0.21671886744911104	0.1852383340381236	0.18422883093272252	0.15806111344244336
,	MID	1Bert	0.3154935709245797	0.1904070688936431	0.1804366885300492	0.1571699385096729	0.15649273314205508
försäkringsskydd	NN.NEU.SIN.IND.NOM	2Flair	0.225852745526103	0.23433436144923925	0.19699830771985502	0.17373514408686844	0.16907944121793425
,	MID	1Bert	0.3154935709245797	0.1904070688936431	0.1804366885300492	0.1571699385096729	0.15649273314205508
arv	NN.NEU.SIN.IND.NOM	2Flair	0.23052205145033955	0.2329209626212466	0.19581010307276103	0.17268725231583296	0.16805963053981976
och	KN	1Bert	0.32126625316328683	0.18259352391758177	0.1597562417059454	0.17806305672188708	0.15832092449129886
andra	JJ.POS.UTR+NEU.PLU.IND+DEF.NOM	1Bert	0.25773323582403357	0.19908872625867433	0.18411654397435526	0.2019575872657595	0.15710390667717736
familjerättsliga	JJ.POS.UTR+NEU.PLU.IND+DEF.NOM	1Bert	0.2358913604797465	0.2029416114627355	0.1902141224164193	0.20864602603253588	0.16230687960856277
frågor	NN.UTR.PLU.IND.NOM	1Bert	0.2719598269940591	0.21199952546472162	0.18120452259736497	0.18021700276663105	0.15461912217722312
.	MAD	1Bert	0.35058231957692965	0.16065050456797306	0.1697387452103435	0.15985861040853364	0.1591698202362201

Giftemål	NN.NEU.SIN.IND.NOM	2Flair	0.225852745526103	0.23433436144923928	0.19699830771985502	0.17373514408686844	0.16907944121793425

När	HA	1Bert	0.25782617729246576	0.18846905155314558	0.17829192064658286	0.1987227794052768	0.17669007110252896
man	PN.UTR.SIN.IND.SUB	1Bert	0.2693228535582277	0.18332837934308668	0.1832853904429059	0.18242469918813353	0.18163867746764614
ska	VB.PRS.AKT	1Bert	0.3369002380785303	0.16637307638242546	0.16633406335236978	0.16555297396301807	0.16483964822365635
gifta	VB.INF.AKT	1Bert	0.2741147985073057	0.19427565864965662	0.16997727200240417	0.1931821460845495	0.1684501247560839
sig	PN.UTR+NEU.SIN+PLU.DEF.OBJ	1Bert	0.2552974640319094	0.18836500829496816	0.18629536980253125	0.18542054396286034	0.18462161390773066
måste	VB.PRS.AKT	1Bert	0.3356871495112048	0.16667744276658084	0.16663835836527233	0.16585584003466217	0.16514120932227996
detta	PN.NEU.SIN.DEF.SUB+OBJ	1Bert	0.2688724171286117	0.19114139059493654	0.1808199561858576	0.1799708423825075	0.1791953937080866
anmälas	VB.INF.SFO	1Bert	0.23882292972626765	0.18037103582294498	0.19407035556524788	0.17948193329454426	0.20725374559099524
till	PP	1Bert	0.33456392418845876	0.1739710214386822	0.16756906670974167	0.17114526738334468	0.1527507202797727
pastorsexpeditionen	NN.UTR.SIN.DEF.NOM	1Bert	0.2653202809900738	0.2170936974277253	0.186669991767989	0.16581524280171142	0.16510078701250042
där	HA	1Bert	0.2617515849432415	0.186505234843656	0.17643414797755655	0.20046004279163726	0.1748489894439087
man	PN.UTR.SIN.IND.SUB	1Bert	0.2693228535582277	0.18332837934308668	0.1832853904429059	0.18242469918813353	0.18163867746764614
bor	VB.PRS.AKT	1Bert	0.3215984008771232	0.17021233839953756	0.17017242509614605	0.16937331111477674	0.16864352451241657
.	MAD	1Bert	0.35058231957692965	0.16065050456797306	0.1697387452103435	0.15985861040853364	0.1591698202362201

På	PP	1Bert	0.3151112872599077	0.18010545752075113	0.17347776185081815	0.17494858352397202	0.15635690984455097
pastorsexpeditionen	NN.UTR.SIN.DEF.NOM	1Bert	0.2653202809900738	0.2170936974277253	0.186669991767989	0.16581524280171142	0.16510078701250042
kan	VB.PRS.AKT	1Bert	0.3431053703947287	0.16481619608764986	0.16477754813239506	0.16400376799466737	0.163297117390559
man	PN.UTR.SIN.IND.SUB	1Bert	0.2693228535582277	0.18332837934308668	0.1832853904429059	0.18242469918813353	0.18163867746764614
begära	VB.INF.AKT	1Bert	0.26996098968251975	0.19538738257470784	0.17094995072764163	0.19428761248825488	0.16941406452687582
,	MID	1Bert	0.3154935709245797	0.1904070688936431	0.1804366885300492	0.1571699385096729	0.15649273314205508
att	SN	1Bert	0.2978239853785641	0.17617738751104323	0.17613607545585047	0.17530895672353666	0.1745535949310056
äktenskapet	NN.NEU.SIN.DEF.NOM	1Bert	0.24683216418830362	0.22715033952169855	0.177300910296758	0.18245546520622566	0.16626112078701424
utlyses	VB.PRS.SFO	1Bert	0.25072480767749056	0.1740374949218378	0.20208183873939137	0.1731796123019064	0.1999762463593739
i	PP	1Bert	0.340855134364411	0.1733355877961491	0.16695701637196297	0.16837255226281775	0.15047970920465922
kyrkan	NN.UTR.SIN.DEF.NOM	1Bert	0.27216874793439333	0.2150700142196772	0.18492990934153755	0.16426956217407387	0.163561766330318
(	PAD	1Bert	0.2882252279437444	0.17607616749069552	0.18603706108293872	0.1752082356468004	0.17445330783582108
lysning	NN.UTR.SIN.IND.NOM	1Bert	0.26084922451625	0.21560037751554464	0.18399902263140655	0.1715694942498005	0.16798188108699827
)	PAD	1Bert	0.28830450357526244	0.17605655658297426	0.18601634075667525	0.17518872140708108	0.174433877678007
om	SN	1Bert	0.29072849445941445	0.17699700372402238	0.1788789656328158	0.17802987928235814	0.1753656569013892
man	PN.UTR.SIN.IND.SUB	1Bert	0.2693228535582277	0.18332837934308668	0.1832853904429059	0.18242469918813353	0.18163867746764614
så	AB	1Bert	0.27146706464461917	0.20873481649534145	0.1788826875364635	0.16614837623270087	0.174767055090875
önskar	VB.PRS.AKT	1Bert	0.31795986660927494	0.1711252540336959	0.17108512665957945	0.17028172671601768	0.1695480259814321
.	MAD	1Bert	0.35058231957692965	0.16065050456797306	0.1697387452103435	0.15985861040853364	0.1591698202362201

Där	AB	1Bert	0.25835689410647383	0.21439325253929017	0.1837318845405356	0.16856685135587815	0.17495111745782221
får	VB.PRS.AKT	1Bert	0.33774399987272863	0.16616137483539437	0.1661224114474983	0.16534231595593157	0.16462989788844706
man	PN.UTR.SIN.IND.SUB	1Bert	0.2693228535582277	0.18332837934308668	0.1832853904429059	0.18242469918813353	0.18163867746764614
också	AB	1Bert	0.26965283801907863	0.2111278353370268	0.1809334697150831	0.16599941469623802	0.17228644223257333
upplysning	NN.UTR.SIN.IND.NOM	1Bert	0.2683401678938316	0.21341536970154737	0.18213427959686104	0.1698307186043249	0.1662794642034351
om	PP	1Bert	0.3316044505187973	0.1746398203849024	0.17034055901987638	0.17180320324835252	0.15161196682807146
hur	HA	1Bert	0.260533602761103	0.1877815227093454	0.17764151763849803	0.19799784530264647	0.17604551158840714
kyrklig	JJ.POS.UTR.SIN.IND.NOM	1Bert	0.24928309562585171	0.20685270674660777	0.18959664177041843	0.18238558568650728	0.17188197017061485
och	KN	1Bert	0.32126625316328683	0.18259352391758177	0.1597562417059454	0.17806305672188708	0.15832092449129886
borgerlig	JJ.POS.UTR.SIN.IND.NOM	1Bert	0.2539530965016046	0.20556593364208595	0.18841721384232907	0.18125101573088498	0.17081274028309537
vigsel	NN.UTR.SIN.IND.NOM	1Bert	0.26084922451625	0.21560037751554464	0.18399902263140655	0.1715694942498005	0.16798188108699827
går	VB.PRS.AKT	1Bert	0.3303924760557108	0.16800588708494152	0.16796649117506898	0.1671777360555265	0.16645740962875225
till	PL	1Bert	0.2811750068221441	0.18860165317507438	0.1679570804891945	0.18472365010438335	0.17754260940920363
.	MAD	1Bert	0.35058231957692965	0.16065050456797306	0.1697387452103435	0.15985861040853364	0.1591698202362201

Den	PN.UTR.SIN.DEF.SUB+OBJ	1Bert	0.2438360334351155	0.18421100148509845	0.18416780561775145	0.20527199480831754	0.18251316465371706
som	HP.-.-.-	1Bert	0.278635089279907	0.1882210194661787	0.16892985707515512	0.19680191393403135	0.1674121202447279
är	VB.PRS.AKT	1Bert	0.3517442066660409	0.16264869453002975	0.1626105548349169	0.1618469506974464	0.16114959327156597
under	AB	1Bert	0.27749253362032344	0.20825784476722514	0.1787916203782937	0.16721128911650812	0.16824671211764952
20	RG.NOM	1Bert	0.28774955015750947	0.19714553111107364	0.17248820463996212	0.17167821597187322	0.17093849811958148
år	NN.NEU.PLU.IND.NOM	1Bert	0.23723651827418407	0.21779013272693895	0.20325487327145886	0.17605571930121028	0.1656627564262079
ska	VB.PRS.AKT	1Bert	0.3369002380785303	0.16637307638242546	0.16633406335236978	0.16555297396301807	0.16483964822365635
ha	VB.INF.AKT	1Bert	0.28813276108711533	0.19052389610164142	0.1666947487694632	0.18945150095039906	0.16519709309138092
föräldrarnas	NN.UTR.PLU.DEF.GEN	1Bert	0.21984248735160794	0.19574310367124778	0.19569720362688506	0.19477822764446742	0.19393897770579163
samtycke	NN.NEU.SIN.IND.NOM	2Flair	0.23198962121544292	0.23853071318029476	0.19264099359799453	0.17001227194888896	0.16682640005737887
för	PP	1Bert	0.3353429234935151	0.17701561772085966	0.16699780195160047	0.16841368364075146	0.1522299731932733
att	IE	1Bert	0.2864546059456111	0.17902998789101965	0.17898800692600814	0.1781474957870784	0.17737990345028265
gifta	VB.INF.AKT	1Bert	0.2741147985073057	0.19427565864965662	0.16997727200240417	0.1931821460845495	0.1684501247560839
sig	PN.UTR+NEU.SIN+PLU.DEF.OBJ	1Bert	0.2552974640319094	0.18836500829496816	0.18629536980253125	0.18542054396286034	0.18462161390773066
.	MAD	1Bert	0.35058231957692965	0.16065050456797306	0.1697387452103435	0.15985861040853364	0.1591698202362201

Är	VB.PRS.AKT	1Bert	0.31795986660927494	0.1711252540336959	0.17108512665957945	0.17028172671601768	0.1695480259814321
han	PN.UTR.SIN.DEF.SUB	1Bert	0.2835154930773993	0.1797674172761587	0.1797252633904115	0.17888129016326018	0.1781105360927704
eller	KN	1Bert	0.30719941117194194	0.18637779759126047	0.16306720984283588	0.18175343589498166	0.16160214549898
hon	PN.UTR.SIN.DEF.SUB	1Bert	0.2750711067727262	0.18188613094240857	0.18184348023685296	0.1809895600591507	0.18020972198886157
under	AB	1Bert	0.2879022028961855	0.20120453517424733	0.17717287809932006	0.1688833677238282	0.16483701610641877
18	RG.NOM	1Bert	0.2860338056951227	0.1976204361860553	0.1729037125304851	0.1720917726757424	0.1713502729125946
år	NN.NEU.PLU.IND.NOM	1Bert	0.23723651827418407	0.21779013272693895	0.20325487327145886	0.17605571930121028	0.1656627564262079
behövs	VB.PRS.SFO	1Bert	0.2603045472735924	0.17181236602608294	0.19949815331638385	0.17096545172885483	0.197419481655086
också	AB	1Bert	0.26965283801907863	0.2111278353370268	0.1809334697150831	0.16599941469623802	0.17228644223257333
särskilt	JJ.POS.NEU.SIN.IND.NOM	1Bert	0.25486165779252246	0.21618048455014824	0.1847705916769156	0.16904691119771176	0.17514035478270187
tillstånd	NN.NEU.SIN.IND.NOM	1Bert	0.23620422453562756	0.23057083198306014	0.19383441433560758	0.17094486898577776	0.16844566015992693
från	PP	1Bert	0.32715364225689597	0.1769386746317726	0.17042751331637734	0.1718724736249096	0.15360769617004458
länsstyrelsen	NN.UTR.SIN.DEF.NOM	1Bert	0.2653202809900738	0.2170936974277253	0.186669991767989	0.16581524280171142	0.16510078701250042
.	MAD	1Bert	0.35058231957692965	0.16065050456797306	0.1697387452103435	0.15985861040853364	0.1591698202362201

När	HA	1Bert	0.25782617729246576	0.18846905155314558	0.17829192064658286	0.1987227794052768	0.17669007110252896
man	PN.UTR.SIN.IND.SUB	1Bert	0.2693228535582277	0.18332837934308668	0.1832853904429059	0.18242469918813353	0.18163867746764614
har	VB.PRS.AKT	1Bert	0.34783649509124304	0.16362914729694142	0.16359077769423713	0.1628225705208089	0.16212100939676963
gift	VB.SUP.AKT	1Bert	0.24186870683147654	0.1982010705445647	0.18749842083030055	0.186617945574186	0.18581385621947222
sig	PN.UTR+NEU.SIN+PLU.DEF.OBJ	1Bert	0.2552974640319094	0.18836500829496816	0.18629536980253125	0.18542054396286034	0.18462161390773066
innebär	VB.PRS.AKT	1Bert	0.3256700424415484	0.16919075526544466	0.1691510815143556	0.16835676366805652	0.1676313571105948
det	PN.NEU.SIN.DEF.SUB+OBJ	1Bert	0.2775272742837397	0.1904777892805284	0.17814400159357957	0.1773074538256902	0.1765434810164623
att	SN	1Bert	0.2978239853785641	0.17617738751104323	0.17613607545585047	0.17530895672353666	0.1745535949310056
båda	JJ.POS.UTR+NEU.PLU.IND+DEF.NOM	1Bert	0.2490337294141797	0.19945109533447103	0.18694251410833163	0.20505739621080712	0.1595152649322104
makarna	NN.UTR.PLU.DEF.NOM	1Bert	0.2625961469113755	0.18501612369623793	0.18497273903478012	0.1841041241469606	0.18331086621064582
får	VB.PRS.AKT	1Bert	0.33774399987272863	0.16616137483539437	0.1661224114474983	0.16534231595593157	0.16462989788844706
omfattande	PC.PRS.UTR+NEU.SIN+PLU.IND+DEF.NOM	1Bert	0.23699753345154562	0.20332579149552743	0.1778954893596006	0.20548398417249317	0.1762972015208331
personliga	JJ.POS.UTR+NEU.PLU.IND+DEF.NOM	1Bert	0.2387163585426108	0.20219131284077943	0.1895108787942909	0.2078746375298011	0.16170681229251774
och	KN	1Bert	0.32126625316328683	0.18259352391758177	0.1597562417059454	0.17806305672188708	0.15832092449129886
ekonomiska	JJ.POS.UTR+NEU.PLU.IND+DEF.NOM	1Bert	0.2490337294141797	0.19945109533447103	0.18694251410833163	0.20505739621080712	0.1595152649322104
skyldigheter	NN.UTR.PLU.IND.NOM	1Bert	0.25907752087995495	0.21575075085631704	0.18441084584148126	0.18340585234208875	0.15735503008015805
mot	PP	1Bert	0.31868842332766817	0.1791647766245506	0.17257169704448164	0.1740348366969533	0.15554026630634632
varandra	PN.UTR+NEU.PLU.DEF.OBJ	1Bert	0.22230644770584507	0.1951248910164417	0.19507913593753495	0.19416306234386638	0.1933264629963118
.	MAD	1Bert	0.35058231957692965	0.16065050456797306	0.1697387452103435	0.15985861040853364	0.1591698202362201

Makarna	NN.UTR.PLU.DEF.NOM	1Bert	0.2551711360501718	0.1868790739943527	0.1868352524873574	0.1859578914084931	0.1851566460596252
har	VB.PRS.AKT	1Bert	0.34783649509124304	0.16362914729694142	0.16359077769423713	0.1628225705208089	0.16212100939676963
bl.a.	AB.AN	1Bert	0.2512571993065105	0.21181582996902862	0.17979554423809688	0.17895124097858	0.17818018550778392
skyldighet	NN.UTR.SIN.IND.NOM	1Bert	0.2695863276184982	0.213051881606839	0.18182406931367326	0.16954146369070378	0.1659962577702857
att	IE	1Bert	0.2864546059456111	0.17902998789101965	0.17898800692600814	0.1781474957870784	0.17737990345028265
försörja	VB.INF.AKT	1Bert	0.26801744529657956	0.19590755210691066	0.17140506177282946	0.1948048541605117	0.16986508666316874
varandra	PN.UTR+NEU.PLU.DEF.OBJ	1Bert	0.22230644770584507	0.1951248910164417	0.19507913593753495	0.19416306234386638	0.1933264629963118
.	MAD	1Bert	0.35058231957692965	0.16065050456797306	0.1697387452103435	0.15985861040853364	0.1591698202362201

Vidare	AB.KOM	1Bert	0.2283294210268024	0.18262941105399128	0.20458543662696624	0.20350957985945042	0.18094615143278975
uppkommer	VB.PRS.AKT	1Bert	0.30882601693952244	0.1734169554578796	0.1733762906998397	0.17256213166168816	0.17181860524107
giftorätt	NN.UTR.SIN.IND.NOM	1Bert	0.26084922451625	0.21560037751554464	0.18399902263140655	0.1715694942498005	0.16798188108699827
.	MAD	1Bert	0.35058231957692965	0.16065050456797306	0.1697387452103435	0.15985861040853364	0.1591698202362201

Denna	PN.UTR.SIN.DEF.SUB+OBJ	1Bert	0.23544670785685645	0.18625474614219467	0.1862110710346156	0.20754940245095999	0.18453807251537335
innebär	VB.PRS.AKT	1Bert	0.3256700424415484	0.16919075526544466	0.1691510815143556	0.16835676366805652	0.1676313571105948
bl.a.	AB.AN	1Bert	0.2512571993065105	0.21181582996902862	0.17979554423809688	0.17895124097858	0.17818018550778392
att	SN	1Bert	0.2978239853785641	0.17617738751104323	0.17613607545585047	0.17530895672353666	0.1745535949310056
vardera	DT.UTR+NEU.SIN.IND	2Flair	0.205496551007823	0.21010385602988302	0.19491888666475332	0.19960519566697163	0.18987551063056915
maken	NN.UTR.SIN.DEF.NOM	1Bert	0.27216874793439333	0.2150700142196772	0.18492990934153755	0.16426956217407387	0.163561766330318
vid	PP	1Bert	0.32377585430517136	0.17782693287451615	0.17128308456900826	0.17273529879140173	0.15437882945990244
äktenskapets	NN.NEU.SIN.DEF.GEN	2Flair	0.21264316582664483	0.21793440956248805	0.19067698274897527	0.18978158125984484	0.1889638606020471
upplösning	NN.UTR.SIN.IND.NOM	1Bert	0.26084922451625	0.21560037751554464	0.18399902263140655	0.1715694942498005	0.16798188108699827
har	VB.PRS.AKT	1Bert	0.34783649509124304	0.16362914729694142	0.16359077769423713	0.1628225705208089	0.16212100939676963
rätt	NN.UTR.SIN.IND.NOM	1Bert	0.2823620926550598	0.2080190258853627	0.17992555917850203	0.1676183404430273	0.1620749818380481
till	PP	1Bert	0.33456392418845876	0.1739710214386822	0.16756906670974167	0.17114526738334468	0.1527507202797727
hälften	NN.UTR.SIN.DEF.NOM	1Bert	0.2707186463498358	0.21549851102786682	0.18529835622233193	0.16459684621378387	0.16388764018618157
av	PP	1Bert	0.3371543555457046	0.17430878307580197	0.16789439906586898	0.16931788250439514	0.15132457980822936
den	DT.UTR.SIN.DEF	1Bert	0.2718956944821779	0.17799003261326793	0.1779482955086658	0.1958164441586256	0.17634953323726285
andre	JJ.POS.MAS.SIN.DEF.NOM	2Flair	0.19736340645753822	0.21511825653096311	0.1967365860022194	0.19581272917622417	0.19496902183305512
makens	NN.UTR.SIN.DEF.GEN	1Bert	0.22887223321508915	0.21043170733180847	0.18775486920596635	0.18687318969197997	0.18606800055515604
tillgångar	NN.UTR.PLU.IND.NOM	1Bert	0.25907752087995495	0.21575075085631704	0.18441084584148126	0.18340585234208875	0.15735503008015805
.	MAD	1Bert	0.35058231957692965	0.16065050456797306	0.1697387452103435	0.15985861040853364	0.1591698202362201

Man	PN.UTR.SIN.IND.SUB	1Bert	0.26157143711582936	0.18527322546413819	0.18522978051456634	0.18435995858371282	0.1835655983217534
kan	VB.PRS.AKT	1Bert	0.3431053703947287	0.16481619608764986	0.16477754813239506	0.16400376799466737	0.163297117390559
dock	AB	1Bert	0.26304798910764754	0.21303715672004744	0.182569730239801	0.16750062002779692	0.17384450390470713
avtala	VB.INF.AKT	1Bert	0.25894314080301595	0.19813796522250934	0.1755449642577749	0.19824171304121402	0.16913221667548564
om	PP	1Bert	0.31200605835800854	0.1801356183795679	0.17093891981340234	0.17694719566776138	0.15997220778125992
att	SN	1Bert	0.2978239853785641	0.17617738751104323	0.17613607545585047	0.17530895672353666	0.1745535949310056
sådan	JJ.POS.UTR.SIN.IND.NOM	1Bert	0.26141517501976835	0.20350983082830332	0.18653263522230923	0.17943811455196643	0.16910424437765278
egendom	NN.UTR.SIN.IND.NOM	1Bert	0.26454167715978877	0.21452333855365732	0.18307984930431473	0.1707124130512065	0.16714272193103263
som	HP.-.-.-	1Bert	0.278635089279907	0.1882210194661787	0.16892985707515512	0.19680191393403135	0.1674121202447279
annars	AB	1Bert	0.2535884583509941	0.21577170592612546	0.18491319894999034	0.1696506613378042	0.176075975435086
skulle	VB.PRT.AKT	1Bert	0.24548304390075382	0.20222149528811934	0.1849418419469299	0.18407337214897945	0.18328024671521762
ha	VB.INF.AKT	1Bert	0.28813276108711533	0.19052389610164142	0.1666947487694632	0.18945150095039906	0.16519709309138092
ingått	VB.SUP.AKT	1Bert	0.2393516777002227	0.1988591067882889	0.18812092380774867	0.1872375253351821	0.18643076636855782
i	PP	1Bert	0.340855134364411	0.1733355877961491	0.16695701637196297	0.16837255226281775	0.15047970920465922
giftorätten	NN.UTR.SIN.DEF.NOM	1Bert	0.2653202809900738	0.2170936974277253	0.186669991767989	0.16581524280171142	0.16510078701250042
ska	VB.PRS.AKT	1Bert	0.3369002380785303	0.16637307638242546	0.16633406335236978	0.16555297396301807	0.16483964822365635
vara	VB.INF.AKT	1Bert	0.2895997603625121	0.19013126893431498	0.16635122814891787	0.18906108374979652	0.16485665880445857
enskild	JJ.POS.UTR.SIN.IND.NOM	1Bert	0.25220930613145837	0.20604641803768392	0.18885761527222217	0.1816746670781778	0.17121199348045762
egendom	NN.UTR.SIN.IND.NOM	1Bert	0.26454167715978877	0.21452333855365732	0.18307984930431473	0.1707124130512065	0.16714272193103263
.	MAD	1Bert	0.35058231957692965	0.16065050456797306	0.1697387452103435	0.15985861040853364	0.1591698202362201

Ett	DT.NEU.SIN.IND	1Bert	0.24449182780209286	0.20425887196038822	0.1922016558669462	0.17499760904254935	0.18405003532802322
sådant	JJ.POS.NEU.SIN.IND.NOM	1Bert	0.2406001765831023	0.20942233313986705	0.18629706961051365	0.17921150836488556	0.18446891230163145
avtal	NN.NEU.SIN.IND.NOM	2Flair	0.23444135561328133	0.23690894270693832	0.19410119602257905	0.16885635840182914	0.1656921472553722
kallas	VB.PRS.SFO	1Bert	0.26055949839123743	0.1711693242467751	0.2012649974898716	0.1703255796938978	0.19668060017821812
äktenskapsförord	NN.NEU.SIN.IND.NOM	1Bert	0.24071587366373742	0.22816786339280923	0.19052635313754812	0.17198175883258085	0.16860815097332438
.	MAD	1Bert	0.35058231957692965	0.16065050456797306	0.1697387452103435	0.15985861040853364	0.1591698202362201

Äktenskapsförordet	NN.NEU.SIN.DEF.NOM	1Bert	0.24683216418830362	0.22715033952169855	0.177300910296758	0.18245546520622566	0.16626112078701424
ska	VB.PRS.AKT	1Bert	0.3369002380785303	0.16637307638242546	0.16633406335236978	0.16555297396301807	0.16483964822365635
inregistreras	VB.INF.SFO	1Bert	0.2360302506233569	0.18186796799635602	0.19215651245337306	0.180971486643666	0.20897378228324806
hos	PP	1Bert	0.3148720218420734	0.1801683772429576	0.17353836619193533	0.1750097016956658	0.15641153302736788
domstol	NN.UTR.SIN.IND.NOM	1Bert	0.2667504885542751	0.21387905786518724	0.18253000324956817	0.17019971027605596	0.16664074005491356
för	PP	1Bert	0.3353429234935151	0.17701561772085966	0.16699780195160047	0.16841368364075146	0.1522299731932733
att	IE	1Bert	0.2864546059456111	0.17902998789101965	0.17898800692600814	0.1781474957870784	0.17737990345028265
bli	VB.INF.AKT	1Bert	0.2846767825577163	0.19144885297319272	0.16750401971384685	0.19037125154974802	0.16599909320549602
giltigt	JJ.POS.NEU.SIN.IND.NOM	1Bert	0.2297729029491426	0.21240820808485344	0.18895323213212453	0.1817666472779954	0.18709900955588404
.	MAD	1Bert	0.35058231957692965	0.16065050456797306	0.1697387452103435	0.15985861040853364	0.1591698202362201

Föräldrar	NN.UTR.PLU.IND.NOM	1Bert	0.2557528541375995	0.21671886744911104	0.1852383340381236	0.18422883093272252	0.15806111344244336
har	VB.PRS.AKT	1Bert	0.34783649509124304	0.16362914729694142	0.16359077769423713	0.1628225705208089	0.16212100939676963
vårdnaden	NN.UTR.SIN.DEF.NOM	1Bert	0.2707186463498358	0.21549851102786682	0.18529835622233193	0.16459684621378387	0.16388764018618157
om	PP	1Bert	0.3316044505187973	0.1746398203849024	0.17034055901987638	0.17180320324835252	0.15161196682807146
sina	PS.UTR+NEU.PLU.DEF	1Bert	0.23359203612667945	0.19229331397150465	0.19224822287262855	0.1913454429850873	0.1905209840441001
barn	NN.NEU.PLU.IND.NOM	1Bert	0.23100770844929971	0.21845400330261466	0.20569891611286228	0.17659237452181223	0.1682469976134112
.	MAD	1Bert	0.35058231957692965	0.16065050456797306	0.1697387452103435	0.15985861040853364	0.1591698202362201

De	PN.UTR+NEU.PLU.DEF.SUB	1Bert	0.2421865095728128	0.20975703572590662	0.1835223669492033	0.18266056287465807	0.1818735248774192
har	VB.PRS.AKT	1Bert	0.34783649509124304	0.16362914729694142	0.16359077769423713	0.1628225705208089	0.16212100939676963
alltså	AB	1Bert	0.26039666998891325	0.2138035967029287	0.1832265581052964	0.16810323402398072	0.17446994117888093
ansvar	NN.NEU.SIN.IND.NOM	1Bert	0.24061453178782405	0.233013358509008	0.1915103691466004	0.1690144571634046	0.16584728339316288
och	KN	1Bert	0.32126625316328683	0.18259352391758177	0.1597562417059454	0.17806305672188708	0.15832092449129886
omsorg	NN.UTR.SIN.IND.NOM	1Bert	0.26454167715978877	0.21452333855365732	0.18307984930431473	0.1707124130512065	0.16714272193103263
om	PP	1Bert	0.3316044505187973	0.1746398203849024	0.17034055901987638	0.17180320324835252	0.15161196682807146
barnen	NN.NEU.PLU.DEF.NOM	1Bert	0.23742416181368695	0.20809798649656247	0.18567263808338202	0.18480073653431303	0.18400447707205547
.	MAD	1Bert	0.35058231957692965	0.16065050456797306	0.1697387452103435	0.15985861040853364	0.1591698202362201

De	PN.UTR+NEU.PLU.DEF.SUB	1Bert	0.2421865095728128	0.20975703572590662	0.1835223669492033	0.18266056287465807	0.1818735248774192
företräder	VB.PRS.AKT	1Bert	0.31432682005925383	0.17203679278831113	0.17199645166633593	0.17118877222476467	0.17045116326133442
barnen	NN.NEU.PLU.DEF.NOM	1Bert	0.23742416181368695	0.20809798649656247	0.18567263808338202	0.18480073653431303	0.18400447707205547
utåt	AB	1Bert	0.24630118755614203	0.21787830096547475	0.18671852011546153	0.17130697322569788	0.17779501813722381
i	PP	1Bert	0.340855134364411	0.1733355877961491	0.16695701637196297	0.16837255226281775	0.15047970920465922
olika	JJ.POS.UTR+NEU.PLU.IND+DEF.NOM	1Bert	0.25075733450836485	0.2018544780685407	0.18704422404979132	0.20390105215114157	0.1564429112221615
frågor	NN.UTR.PLU.IND.NOM	1Bert	0.2719598269940591	0.21199952546472162	0.18120452259736497	0.18021700276663105	0.15461912217722312
och	KN	1Bert	0.32126625316328683	0.18259352391758177	0.1597562417059454	0.17806305672188708	0.15832092449129886
de	PN.UTR+NEU.PLU.DEF.SUB	1Bert	0.2443322557149373	0.21419142609829492	0.18109260580070669	0.18284789276703664	0.1775358196190244
är	VB.PRS.AKT	1Bert	0.3517442066660409	0.16264869453002975	0.1626105548349169	0.1618469506974464	0.16114959327156597
skyldiga	JJ.POS.UTR+NEU.PLU.IND+DEF.NOM	1Bert	0.2387163585426108	0.20219131284077943	0.1895108787942909	0.2078746375298011	0.16170681229251774
att	IE	1Bert	0.2864546059456111	0.17902998789101965	0.17898800692600814	0.1781474957870784	0.17737990345028265
bekosta	VB.INF.AKT	1Bert	0.26801744529657956	0.19590755210691066	0.17140506177282946	0.1948048541605117	0.16986508666316874
barnens	NN.NEU.PLU.DEF.GEN	2Flair	0.20083413073243953	0.2089288916824842	0.1976469508901196	0.19671881907474426	0.19587120762021246
uppehälle	NN.NEU.SIN.IND.NOM	2Flair	0.22818687805671206	0.23682671740971362	0.19464451465411806	0.17178044787181748	0.16856144200763867
och	KN	1Bert	0.32126625316328683	0.18259352391758177	0.1597562417059454	0.17806305672188708	0.15832092449129886
uppfostran	NN.UTR.SIN.IND.NOM	1Bert	0.26454167715978877	0.21452333855365732	0.18307984930431473	0.1707124130512065	0.16714272193103263
.	MAD	1Bert	0.35058231957692965	0.16065050456797306	0.1697387452103435	0.15985861040853364	0.1591698202362201

Se	VB.IMP.AKT	1Bert	0.22535348325756904	0.19406628987251037	0.1940181973583051	0.20462453752764015	0.1819374919839753
Arv	NN.NEU.SIN.IND.NOM	1Bert	0.24091846331121153	0.21774646943941367	0.18849456945023293	0.18137975427109113	0.17146074352805074
sida	NN.UTR.SIN.IND.NOM	1Bert	0.2800283693115379	0.2100060779552376	0.17922470051163383	0.16711768782300254	0.16362316439858807
5	RG.NOM	1Bert	0.285614922272335	0.1977363799455536	0.17300515500702696	0.17219273878778948	0.17145080398729498
,	MID	1Bert	0.3154935709245797	0.1904070688936431	0.1804366885300492	0.1571699385096729	0.15649273314205508
Förmyndare	NN.UTR.SIN.IND.NOM	1Bert	0.24591918361719142	0.20781068562825464	0.1904365022283878	0.18249988626805985	0.17333374225810627
sida	NN.UTR.SIN.IND.NOM	1Bert	0.2800283693115379	0.2100060779552376	0.17922470051163383	0.16711768782300254	0.16362316439858807
12	RG.NOM	1Bert	0.2841194861839371	0.19815030533086586	0.17336731004125489	0.1725531931754461	0.17180970526849618
och	KN	1Bert	0.32126625316328683	0.18259352391758177	0.1597562417059454	0.17806305672188708	0.15832092449129886
Testamente	NN.NEU.SIN.IND.NOM	1Bert	0.2392023037931584	0.2209904161907147	0.1852197633642868	0.18083541603779313	0.17375210061404686
sida	NN.UTR.SIN.IND.NOM	1Bert	0.2800283693115379	0.2100060779552376	0.17922470051163383	0.16711768782300254	0.16362316439858807
22	RG.NOM	1Bert	0.2811122080274148	0.19898269715244693	0.1740955932037102	0.1732780563874765	0.17253144522895167
.	MAD	1Bert	0.35058231957692965	0.16065050456797306	0.1697387452103435	0.15985861040853364	0.1591698202362201

Man	PN.UTR.SIN.IND.SUB	1Bert	0.26157143711582936	0.18527322546413819	0.18522978051456634	0.18435995858371282	0.1835655983217534
vänder	VB.PRS.AKT	1Bert	0.3215984008771232	0.17021233839953756	0.17017242509614605	0.16937331111477674	0.16864352451241657
sig	PN.UTR+NEU.SIN+PLU.DEF.OBJ	1Bert	0.2552974640319094	0.18836500829496816	0.18629536980253125	0.18542054396286034	0.18462161390773066
till	PP	1Bert	0.33456392418845876	0.1739710214386822	0.16756906670974167	0.17114526738334468	0.1527507202797727
pastorsexpeditionen	NN.UTR.SIN.DEF.NOM	1Bert	0.2653202809900738	0.2170936974277253	0.186669991767989	0.16581524280171142	0.16510078701250042
.	MAD	1Bert	0.35058231957692965	0.16065050456797306	0.1697387452103435	0.15985861040853364	0.1591698202362201

Skilsmässa	NN.UTR.SIN.IND.NOM	1Bert	0.26084922451625	0.21560037751554464	0.18399902263140655	0.1715694942498005	0.16798188108699827

Hemskillnad	NN.UTR.SIN.IND.NOM	1Bert	0.26084922451625	0.21560037751554464	0.18399902263140655	0.1715694942498005	0.16798188108699827

Innan	SN	1Bert	0.26667336494741567	0.18548758869879822	0.18344956551755437	0.18258810331180406	0.18180137752442774
ett	DT.NEU.SIN.IND	1Bert	0.2564649566200541	0.2004153785134134	0.19082813960621153	0.17170471822642006	0.18058680703390087
äktenskap	NN.NEU.SIN.IND.NOM	2Flair	0.2311718638922328	0.23591079051388558	0.19389172735018956	0.1711160873042934	0.16790953093939862
upplöses	VB.PRS.SFO	1Bert	0.25072480767749056	0.1740374949218378	0.20208183873939137	0.1731796123019064	0.1999762463593739
ska	VB.PRS.AKT	1Bert	0.3369002380785303	0.16637307638242546	0.16633406335236978	0.16555297396301807	0.16483964822365635
i	PP	1Bert	0.340855134364411	0.1733355877961491	0.16695701637196297	0.16837255226281775	0.15047970920465922
allmänhet	NN.UTR.SIN.IND.NOM	1Bert	0.2706131387835065	0.21275237454798748	0.18156846212626973	0.16930312331670466	0.1657629012255316
domstolen	NN.UTR.SIN.DEF.NOM	1Bert	0.2733042769268852	0.21473447183142588	0.18464139016481873	0.16401327632498014	0.1633065847518901
först	AB	1Bert	0.2578867245996778	0.21452916854660656	0.18384836257269238	0.1686737154158746	0.17506202886514854
ha	VB.INF.AKT	1Bert	0.28813276108711533	0.19052389610164142	0.1666947487694632	0.18945150095039906	0.16519709309138092
beslutat	VB.SUP.AKT	1Bert	0.24596838770635343	0.19712927579659215	0.18648450187342044	0.18560878788702376	0.1848090467366103
om	PP	1Bert	0.3316044505187973	0.1746398203849024	0.17034055901987638	0.17180320324835252	0.15161196682807146
att	SN	1Bert	0.2978239853785641	0.17617738751104323	0.17613607545585047	0.17530895672353666	0.1745535949310056
samlevnaden	NN.UTR.SIN.DEF.NOM	1Bert	0.2653202809900738	0.2170936974277253	0.186669991767989	0.16581524280171142	0.16510078701250042
upphävs	VB.PRS.SFO	1Bert	0.25072480767749056	0.1740374949218378	0.20208183873939137	0.1731796123019064	0.1999762463593739
.	MAD	1Bert	0.35058231957692965	0.16065050456797306	0.1697387452103435	0.15985861040853364	0.1591698202362201

Denna	DT.UTR.SIN.DEF	1Bert	0.2544749118087288	0.1828236504536315	0.1827807799079571	0.19878205726387158	0.18113860056581094
dom	NN.UTR.SIN.IND.NOM	1Bert	0.24468946824212298	0.2124123253768272	0.18607891568686763	0.1786108131171647	0.17820847757701758
kallas	VB.PRS.SFO	1Bert	0.26055949839123743	0.1711693242467751	0.2012649974898716	0.1703255796938978	0.19668060017821812
hemskillnadsdom	NN.UTR.SIN.IND.NOM	1Bert	0.24491854192775273	0.21462369420591082	0.18786368030579398	0.17782863271158186	0.1747654508489606
.	MAD	1Bert	0.35058231957692965	0.16065050456797306	0.1697387452103435	0.15985861040853364	0.1591698202362201

Den	PN.UTR.SIN.DEF.SUB+OBJ	1Bert	0.2438360334351155	0.18421100148509845	0.18416780561775145	0.20527199480831754	0.18251316465371706
kan	VB.PRS.AKT	1Bert	0.3431053703947287	0.16481619608764986	0.16477754813239506	0.16400376799466737	0.163297117390559
sökas	VB.INF.SFO	1Bert	0.2360302506233569	0.18186796799635602	0.19215651245337306	0.180971486643666	0.20897378228324806
