Det	PRON.Definite=Def.Gender=Neut.Number=Sing.PronType=Prs	1Bert	0.30723356375688127	0.18758158845168954	0.16895083247303425	0.16849104595697065	0.16774296936142433
har	AUX.Mood=Ind.Tense=Pres.VerbForm=Fin.Voice=Act	1Bert	0.3062792539819921	0.18815741368957356	0.17241040429471322	0.167799965911868	0.1653529621218533
sagts	VERB.VerbForm=Sup.Voice=Pass	1Bert	0.23780124491085589	0.18124150193330898	0.18192150914637545	0.18142642394517766	0.21760932006428196
att	SCONJ	1Bert	0.2786630445571032	0.20184209205908232	0.1742514263859048	0.17260606304277307	0.17263737395513654
det	PRON.Definite=Def.Gender=Neut.Number=Sing.PronType=Prs	1Bert	0.3112870144949481	0.18964935555019863	0.16690369100836136	0.16644947562816112	0.16571046331833078
var	AUX.Mood=Ind.Tense=Past.VerbForm=Fin.Voice=Act	1Bert	0.25684781895405945	0.21263479739497324	0.17895641610921256	0.18670350830181578	0.16485745923993905
lätt	ADJ.Case=Nom.Definite=Ind.Degree=Pos.Gender=Neut.Number=Sing	1Bert	0.24094575507995328	0.2074247281743022	0.19323464472668586	0.18833864812079612	0.17005622389826253
i	ADP	1Bert	0.34247489399195735	0.19017564643555912	0.16607443772489686	0.15334199324199588	0.1479330286055908
vallokalen	NOUN.Case=Nom.Definite=Def.Gender=Com.Number=Sing	1Bert	0.2766337523993885	0.2084502096963376	0.18339393701314174	0.17727454997611541	0.15424755091501674
i	ADP	1Bert	0.34247489399195735	0.19017564643555912	0.16607443772489686	0.15334199324199588	0.1479330286055908
år	NOUN.Case=Nom.Definite=Ind.Gender=Neut.Number=Sing	1Bert	0.25868538355527315	0.21738257567018057	0.1917880826388655	0.1750160061581771	0.15712795197750357
.	PUNCT	1Bert	0.38807835009633435	0.1648170491226524	0.1554077135012478	0.14853883289976422	0.1431580543800012

Det	PRON.Definite=Def.Gender=Neut.Number=Sing.PronType=Prs	1Bert	0.30723356375688127	0.18758158845168954	0.16895083247303425	0.16849104595697065	0.16774296936142433
skulle	AUX.Mood=Ind.Tense=Past.VerbForm=Fin.Voice=Act	1Bert	0.2583806058630403	0.20886106412343491	0.17782711402132734	0.18747446922431332	0.1674567467678841
ha	AUX.VerbForm=Inf.Voice=Act	1Bert	0.25511800982265603	0.20404476776525574	0.1671118408458167	0.17568667312445838	0.19803870844181326
blivit	VERB.VerbForm=Sup.Voice=Act	1Bert	0.27243092692796805	0.17225719711597492	0.1822984999247295	0.18177550906942122	0.1912378669619063
ännu	ADV	1Bert	0.2682624630767961	0.20397523911061702	0.18081816320863833	0.17761214757839194	0.16933198702555655
lättare	ADJ.Case=Nom.Degree=Cmp	1Bert	0.24183331495670193	0.21727030599879502	0.2020275928119651	0.1785172589136384	0.1603515273188995
med	ADP	1Bert	0.33474281231392344	0.19183284238563791	0.16752161506209898	0.15668060904658998	0.14922212119174977
det	DET.Definite=Def.Gender=Neut.Number=Sing.PronType=Art	1Bert	0.2777442073750135	0.19544384114229402	0.17618366455141862	0.1757041944468582	0.17492409248441573
datamaskinval	NOUN.Case=Nom.Definite=Ind.Gender=Neut.Number=Sing	1Bert	0.235381179409373	0.2233116128247433	0.19612402171521498	0.1835280451754573	0.1616551408752114
som	PRON.PronType=Rel	1Bert	0.2888711086669938	0.20393542632454933	0.18241849509749464	0.15867566091131557	0.1660993089996467
inte	PART.Polarity=Neg	1Bert	0.30467775875317515	0.17377199199930787	0.17442397406041407	0.1739492928163071	0.1731769823707957
blev	VERB.Mood=Ind.Tense=Past.VerbForm=Fin.Voice=Act	1Bert	0.2592951786715458	0.2113171961694685	0.17670202092989665	0.18628833835048828	0.16639726587860082
av	ADP	1Bert	0.3376994115530658	0.18818204707595337	0.16928122432749818	0.1561349140535233	0.1487024029899593
.	PUNCT	1Bert	0.38807835009633435	0.1648170491226524	0.1554077135012478	0.14853883289976422	0.1431580543800012

Egentligen	ADV	1Bert	0.2476686972062986	0.20971584705494287	0.18590704649035372	0.18261080187507525	0.17409760737332944
skulle	AUX.Mood=Ind.Tense=Past.VerbForm=Fin.Voice=Act	1Bert	0.2583806058630403	0.20886106412343491	0.17782711402132734	0.18747446922431332	0.1674567467678841
valsedlarna	NOUN.Case=Nom.Definite=Def.Gender=Com.Number=Plur	1Bert	0.25383135203835405	0.20499236140876043	0.1858210355944286	0.1809551508568106	0.17440010010164644
ha	AUX.VerbForm=Inf.Voice=Act	1Bert	0.25511800982265603	0.20404476776525574	0.1671118408458167	0.17568667312445838	0.19803870844181326
sett	VERB.VerbForm=Sup.Voice=Act	1Bert	0.2707930076227848	0.1726449862607522	0.18270889426855708	0.18218472604487235	0.19166838580303355
ut	ADV	1Bert	0.27429812860382485	0.20398870161935212	0.17788423794274916	0.17724449730126235	0.16658443453281138
som	SCONJ	1Bert	0.26960602354452523	0.20843858451798097	0.17694394754130557	0.1716968731746545	0.17331457122153363
hålkort	NOUN.Case=Nom.Definite=Ind.Gender=Neut.Number=Sing	1Bert	0.2270788803269072	0.22338610050658966	0.19826819611145471	0.18444797306579003	0.16681884998925842
,	PUNCT	1Bert	0.38434964119383097	0.16433042595019523	0.1568729078165685	0.14993926694943807	0.1445077580899671
vi	PRON.Case=Nom.Definite=Def.Gender=Com.Number=Plur.PronType=Prs	1Bert	0.27794716310172934	0.18045238934335156	0.18112943585344787	0.1806365062179522	0.179834505483519
skulle	AUX.Mood=Ind.Tense=Past.VerbForm=Fin.Voice=Act	1Bert	0.2583806058630403	0.20886106412343491	0.17782711402132734	0.18747446922431332	0.1674567467678841
ha	AUX.VerbForm=Inf.Voice=Act	1Bert	0.25511800982265603	0.20404476776525574	0.1671118408458167	0.17568667312445838	0.19803870844181326
stoppat	VERB.VerbForm=Sup.Voice=Act	1Bert	0.2536486516238612	0.17670403552498704	0.18700455566546462	0.1864680637439491	0.19617469344173813
dem	PRON.Case=Acc.Definite=Def.Number=Plur.PronType=Prs	1Bert	0.255748352040769	0.19345040925204995	0.1842064903838462	0.1837051867843898	0.1828895615389452
i	ADP	1Bert	0.34247489399195735	0.19017564643555912	0.16607443772489686	0.15334199324199588	0.1479330286055908
kassetter	NOUN.Case=Nom.Definite=Ind.Gender=Com.Number=Plur	1Bert	0.25485223680958197	0.21233377283517557	0.19202457217220398	0.17271325658865364	0.16807616159438488
i	ADP	1Bert	0.34247489399195735	0.19017564643555912	0.16607443772489686	0.15334199324199588	0.1479330286055908
stället	NOUN.Case=Nom.Definite=Def.Gender=Neut.Number=Sing	1Bert	0.26992728700176105	0.21653710938722975	0.17140216254048565	0.1812660010141533	0.1608674400563702
för	ADP	1Bert	0.3353483180339646	0.1935632704651941	0.16635358827407376	0.15359974212985478	0.15113508109691284
att	PART	1Bert	0.3217177058211254	0.17038767190294307	0.16927072354922446	0.1705633252540338	0.16806057347267325
slicka	VERB.VerbForm=Inf.Voice=Act	1Bert	0.26038806387196356	0.21521086767020717	0.17426138794723742	0.17995368324140457	0.1701859972691873
igen	ADV	1Bert	0.2651481606886802	0.2048433653747824	0.18158773208966525	0.17836807153671122	0.1700526703101609
kuvert	NOUN.Case=Nom.Definite=Ind.Gender=Neut.Number=Plur	1Bert	0.23843291860930307	0.22010460867986914	0.1953556806793714	0.1817384736175345	0.16436831841392202
.	PUNCT	1Bert	0.38807835009633435	0.1648170491226524	0.1554077135012478	0.14853883289976422	0.1431580543800012

Och	CCONJ	1Bert	0.31485611723777374	0.185181979680278	0.1735082187306158	0.16360963056442615	0.1628440537869063
den	DET.Definite=Def.Gender=Com.Number=Sing.PronType=Art	1Bert	0.2995901884379998	0.17313979468550308	0.17200480524361839	0.1733182852112789	0.1819469264215997
jättelika	ADJ.Case=Nom.Definite=Def.Degree=Pos.Number=Sing	1Bert	0.2278176604988243	0.21078384196395386	0.18860904509187348	0.1831895217580987	0.18959993068724976
poströsningen	NOUN.Case=Nom.Definite=Def.Gender=Com.Number=Sing	1Bert	0.26386158609450483	0.21213072527659932	0.18663204477751244	0.18040461035898317	0.15697103349240035
skulle	AUX.Mood=Ind.Tense=Past.VerbForm=Fin.Voice=Act	1Bert	0.2583806058630403	0.20886106412343491	0.17782711402132734	0.18747446922431332	0.1674567467678841
ha	AUX.VerbForm=Inf.Voice=Act	1Bert	0.2612710027960674	0.20480374894868894	0.1673952380001255	0.1754204688808996	0.19110954137421848
databehandlats	VERB.VerbForm=Sup.Voice=Pass	1Bert	0.23678685206883698	0.18861552778127144	0.18507865710013777	0.18386706048036944	0.2056519025693844
redan	ADV	1Bert	0.26999993838334513	0.20349090979413517	0.18038881924622313	0.17719041614466208	0.16892991643163452
valkvällen	NOUN.Case=Nom.Definite=Def.Gender=Com.Number=Sing	1Bert	0.25529239103616475	0.21186205684777795	0.1885562381802928	0.1820910178321045	0.16219829610365996
och	CCONJ	1Bert	0.3403156834533289	0.17830072014893683	0.16706074967359702	0.15752998754686875	0.1567928591772684
slutresultatet	NOUN.Case=Nom.Definite=Def.Gender=Neut.Number=Sing	1Bert	0.25093645440503715	0.22216972641583152	0.17586071813031862	0.1859811372183271	0.16505196383048557
varit	AUX.VerbForm=Sup.Voice=Act	1Bert	0.24030146181456558	0.1846186838286243	0.185311362025015	0.18480705160354322	0.20496144072825195
klart	ADJ.Case=Nom.Definite=Ind.Degree=Pos.Gender=Neut.Number=Sing	1Bert	0.23721570957617097	0.21427414318319446	0.1909267613006334	0.1873318348427497	0.17025155109725146
till	ADP	1Bert	0.33415007993674356	0.19274079313736603	0.16675395382821875	0.15596262629778931	0.15039254679988218
midnatt	NOUN.Case=Nom.Definite=Ind.Gender=Com.Number=Sing	1Bert	0.26327267795809406	0.21863219887889992	0.18385280745059543	0.18231114470258292	0.15193117100982764
.	PUNCT	1Bert	0.38807835009633435	0.1648170491226524	0.1554077135012478	0.14853883289976422	0.1431580543800012

Men	CCONJ	1Bert	0.3206074886690615	0.18362748817226274	0.17205172143507294	0.16223622597192197	0.16147707575168074
valmaskinleverantören	NOUN.Case=Nom.Definite=Def.Gender=Com.Number=Sing	1Bert	0.26386158609450483	0.21213072527659932	0.18663204477751244	0.18040461035898317	0.15697103349240035
sviktade	VERB.Mood=Ind.Tense=Past.VerbForm=Fin.Voice=Act	1Bert	0.24003140004194723	0.21681299904588988	0.18129757440353444	0.1911332066541985	0.17072481985443003
i	ADP	1Bert	0.34247489399195735	0.19017564643555912	0.16607443772489686	0.15334199324199588	0.1479330286055908
sista	ADJ.Case=Nom.Definite=Def.Degree=Sup	1Bert	0.2434611978927056	0.21261420865961506	0.1786778960977035	0.18784620507678995	0.17740049227318588
stund	NOUN.Case=Nom.Definite=Ind.Gender=Com.Number=Sing	1Bert	0.2772463258773004	0.2143736769021926	0.18356571632242472	0.17856112838596572	0.14625315251211654
och	CCONJ	1Bert	0.3403156834533289	0.17830072014893683	0.16706074967359702	0.15752998754686875	0.1567928591772684
vi	PRON.Case=Nom.Definite=Def.Gender=Com.Number=Plur.PronType=Prs	1Bert	0.27794716310172934	0.18045238934335156	0.18112943585344787	0.1806365062179522	0.179834505483519
får	AUX.Mood=Ind.Tense=Pres.VerbForm=Fin.Voice=Act	1Bert	0.296056050716252	0.19035235114293828	0.17442164608591132	0.17188807625130817	0.1672818758035902
vänta	VERB.VerbForm=Inf.Voice=Act	1Bert	0.27410306562666725	0.21122010267095595	0.17102997005803272	0.1766167102142494	0.16703015143009464
till	ADP	1Bert	0.33415007993674356	0.19274079313736603	0.16675395382821875	0.15596262629778931	0.15039254679988218
nästa	ADJ.Case=Nom.Degree=Pos	2Flair	0.22149540230736278	0.22693162629025188	0.19166382601447468	0.19714740923470336	0.16276173615320733
val	NOUN.Case=Nom.Definite=Ind.Gender=Neut.Number=Sing	1Bert	0.24675884804677217	0.21906417035334155	0.19366028971271934	0.1794278353843836	0.16108885650278337
.	PUNCT	1Bert	0.38807835009633435	0.1648170491226524	0.1554077135012478	0.14853883289976422	0.1431580543800012

Nästa	ADJ.Case=Nom.Degree=Pos	1Bert	0.2265851136570217	0.2218278286928242	0.189087884180716	0.19241990883827298	0.17007926463116502
val	NOUN.Case=Nom.Definite=Ind.Gender=Neut.Number=Sing	1Bert	0.24353641102259924	0.2186296208186843	0.19404654290463869	0.180520588884889	0.16326683636918882
,	PUNCT	1Bert	0.38434964119383097	0.16433042595019523	0.1568729078165685	0.14993926694943807	0.1445077580899671
1973	NUM.Case=Nom.NumType=Card	1Bert	0.2725080905369082	0.2053623119654208	0.16819090422537186	0.18695021928031832	0.16698847399198088
,	PUNCT	1Bert	0.38434964119383097	0.16433042595019523	0.1568729078165685	0.14993926694943807	0.1445077580899671
blommar	VERB.Mood=Ind.Tense=Pres.VerbForm=Fin.Voice=Act	1Bert	0.26782144336624814	0.20505622832322995	0.18941285976569625	0.17524224632823865	0.1624672222165869
datatekniken	NOUN.Case=Nom.Definite=Def.Gender=Com.Number=Sing	1Bert	0.26386158609450483	0.21213072527659932	0.18663204477751244	0.18040461035898317	0.15697103349240035
upp	ADV	1Bert	0.2737650015574337	0.2048482730979124	0.17863380993476244	0.1754665242120306	0.16728639119786087
på	ADP	1Bert	0.3366141085211203	0.1925637844010473	0.1666008108107868	0.15581939378875712	0.14840190247828852
allvar	NOUN.Case=Nom.Definite=Ind.Gender=Neut.Number=Sing	1Bert	0.2406158697280009	0.2208507249586106	0.1952396656640031	0.18089114006402326	0.1624025995853622
.	PUNCT	1Bert	0.38807835009633435	0.1648170491226524	0.1554077135012478	0.14853883289976422	0.1431580543800012

Då	ADV	1Bert	0.2625195263029659	0.20802027140559964	0.18139988715982136	0.178183557211329	0.16987675792028423
blir	VERB.Mood=Ind.Tense=Pres.VerbForm=Fin.Voice=Act	1Bert	0.30015907424769667	0.19543093307413759	0.18052186087174452	0.1690470860533434	0.15484104575307786
det	PRON.Definite=Def.Gender=Neut.Number=Sing.PronType=Prs	1Bert	0.3112870144949481	0.18964935555019863	0.16690369100836136	0.16644947562816112	0.16571046331833078
ännu	ADV	1Bert	0.2682624630767961	0.20397523911061702	0.18081816320863833	0.17761214757839194	0.16933198702555655
enklare	ADJ.Case=Nom.Degree=Cmp	1Bert	0.23924863647623973	0.2197855808047897	0.20413149969014452	0.17594210756007742	0.16089217546874865
för	ADP	1Bert	0.3353483180339646	0.1935632704651941	0.16635358827407376	0.15359974212985478	0.15113508109691284
oss	PRON.Case=Acc.Definite=Def.Gender=Com.Number=Plur.PronType=Prs	1Bert	0.24238678803456723	0.18679339183591678	0.1976820457876932	0.1869839784811035	0.18615379586071923
väljare	NOUN.Case=Nom.Definite=Ind.Gender=Com.Number=Plur	1Bert	0.2619252908559541	0.21031826889713376	0.19020184620522226	0.1710738365182691	0.16648075752342067
än	SCONJ	1Bert	0.25853406855968925	0.21162929204189695	0.17853672639814405	0.17445243243323663	0.17684748056703314
vid	ADP	1Bert	0.32431060238990295	0.1932521825378431	0.17143592998691254	0.15829243547423694	0.15270884961110434
det	DET.Definite=Def.Gender=Neut.Number=Sing.PronType=Art	1Bert	0.2777442073750135	0.19544384114229402	0.17618366455141862	0.1757041944468582	0.17492409248441573
nyss	ADV	1Bert	0.2534838288476259	0.20809485208455106	0.1844700812273409	0.18119931487714153	0.1727519229633407
avverkade	ADJ.Case=Nom.Definite=Def.Number=Sing.Tense=Past.VerbForm=Part	2Flair	0.2026889122859132	0.22080822404260697	0.19236075651552212	0.19872609137037642	0.18541601578558126
valet	NOUN.Case=Nom.Definite=Def.Gender=Neut.Number=Sing	1Bert	0.26053688491896504	0.21932227103865196	0.1736067857176839	0.1835974956764768	0.16293656264822226
.	PUNCT	1Bert	0.38807835009633435	0.1648170491226524	0.1554077135012478	0.14853883289976422	0.1431580543800012

Vi	PRON.Case=Nom.Definite=Def.Gender=Com.Number=Plur.PronType=Prs	1Bert	0.2733154441457359	0.18160992894386932	0.18229131847291752	0.18179522686447466	0.18098808157300275
slipper	VERB.Mood=Ind.Tense=Pres.VerbForm=Fin.Voice=Act	1Bert	0.28088272018785865	0.20139824607578646	0.18603393836386373	0.17211611340697788	0.15956898196551328
slicka	VERB.VerbForm=Inf.Voice=Act	1Bert	0.26038806387196356	0.21521086767020717	0.17426138794723742	0.17995368324140457	0.1701859972691873
igen	ADV	1Bert	0.2651481606886802	0.2048433653747824	0.18158773208966525	0.17836807153671122	0.1700526703101609
kuvert	NOUN.Case=Nom.Definite=Ind.Gender=Neut.Number=Plur	1Bert	0.23843291860930307	0.22010460867986914	0.1953556806793714	0.1817384736175345	0.16436831841392202
.	PUNCT	1Bert	0.38807835009633435	0.1648170491226524	0.1554077135012478	0.14853883289976422	0.1431580543800012

Valsedlarna	NOUN.Case=Nom.Definite=Def.Gender=Com.Number=Plur	1Bert	0.26246188489651784	0.20262132462552926	0.18367174326243796	0.17886213960581523	0.1723829076096996
blir	VERB.Mood=Ind.Tense=Pres.VerbForm=Fin.Voice=Act	1Bert	0.30015907424769667	0.19543093307413759	0.18052186087174452	0.1690470860533434	0.15484104575307786
gula	ADJ.Case=Nom.Degree=Pos.Number=Plur	1Bert	0.2409736177843007	0.2096787928195619	0.18752963500243447	0.17813735775388218	0.18368059663982075
,	PUNCT	1Bert	0.38434964119383097	0.16433042595019523	0.1568729078165685	0.14993926694943807	0.1445077580899671
blå	ADJ.Case=Nom.Degree=Pos	1Bert	0.23741418176941942	0.21546904280045995	0.187606654176599	0.1814043423124477	0.17810577894107388
och	CCONJ	1Bert	0.3403156834533289	0.17830072014893683	0.16706074967359702	0.15752998754686875	0.1567928591772684
vita	ADJ.Case=Nom.Degree=Pos.Number=Plur	1Bert	0.2515072095932826	0.20892210375692918	0.18536636556326602	0.17608243399744133	0.17812188708908092
som	SCONJ	1Bert	0.26960602354452523	0.20843858451798097	0.17694394754130557	0.1716968731746545	0.17331457122153363
förr	ADV	1Bert	0.2595785987562408	0.2063959066475556	0.18296401512515773	0.17971995223979892	0.17134152723124685
.	PUNCT	1Bert	0.38807835009633435	0.1648170491226524	0.1554077135012478	0.14853883289976422	0.1431580543800012

Till	ADP	1Bert	0.29830063495831266	0.19973218881184265	0.17715974594809109	0.1654968276145879	0.1593106026671655
färgblindas	ADJ.Case=Gen.Degree=Pos.Number=Plur	2Flair	0.2097068222882066	0.2133702181094347	0.199826156137628	0.19501929718860866	0.18207750627612204
hjälp	NOUN.Case=Nom.Definite=Ind.Gender=Com.Number=Sing	1Bert	0.2840821324560103	0.21234612997529667	0.1818295511859617	0.1768722966583315	0.14486988972439996
får	VERB.Mood=Ind.Tense=Pres.VerbForm=Fin.Voice=Act	1Bert	0.3022656408934689	0.19484267327106364	0.17997847834444178	0.16853824334360593	0.1543749641474197
de	PRON.Case=Nom.Definite=Def.Number=Plur.PronType=Prs	1Bert	0.2659188277524461	0.21262281002768116	0.18737262692683065	0.16857297952732295	0.16551275576571906
också	ADV	1Bert	0.2797172746162317	0.2007821571586539	0.17798758820332844	0.17483176038357948	0.1666812196382065
olika	ADJ.Case=Nom.Degree=Pos.Number=Plur	1Bert	0.25689354170237044	0.20796313947128162	0.18338786100929372	0.17168094870741396	0.1800745091096402
streckmarkeringar	NOUN.Case=Nom.Definite=Ind.Gender=Com.Number=Plur	1Bert	0.25485223680958197	0.21233377283517557	0.19202457217220398	0.17271325658865364	0.16807616159438488
.	PUNCT	1Bert	0.38807835009633435	0.1648170491226524	0.1554077135012478	0.14853883289976422	0.1431580543800012

Men	CCONJ	1Bert	0.3206074886690615	0.18362748817226274	0.17205172143507294	0.16223622597192197	0.16147707575168074
när	SCONJ	1Bert	0.2625360390457859	0.20701697494060367	0.17950054429750828	0.17313091294072153	0.1778155287753807
vi	PRON.Case=Nom.Definite=Def.Gender=Com.Number=Plur.PronType=Prs	1Bert	0.27794716310172934	0.18045238934335156	0.18112943585344787	0.1806365062179522	0.179834505483519
träder	VERB.Mood=Ind.Tense=Pres.VerbForm=Fin.Voice=Act	1Bert	0.27644965276309835	0.202639784875015	0.18718076241497839	0.17317713969161974	0.1605526602552886
in	ADV	1Bert	0.2713224264350215	0.2062354613857066	0.1807109816628744	0.17494343881817087	0.16678769169822658
i	ADP	1Bert	0.34247489399195735	0.19017564643555912	0.16607443772489686	0.15334199324199588	0.1479330286055908
vallokalen	NOUN.Case=Nom.Definite=Def.Gender=Com.Number=Sing	1Bert	0.2766337523993885	0.2084502096963376	0.18339393701314174	0.17727454997611541	0.15424755091501674
får	VERB.Mood=Ind.Tense=Pres.VerbForm=Fin.Voice=Act	1Bert	0.3010862579570444	0.19398236986593495	0.1788921673149213	0.16923133351515024	0.15680787134694918
vi	PRON.Case=Nom.Definite=Def.Gender=Com.Number=Plur.PronType=Prs	1Bert	0.27794716310172934	0.18045238934335156	0.18112943585344787	0.1806365062179522	0.179834505483519
tre	NUM.Case=Nom.NumType=Card	1Bert	0.29626366470765453	0.19865639596785187	0.16269878610254696	0.1808455331077552	0.16153562011419148
svarta	ADJ.Case=Nom.Degree=Pos.Number=Plur	1Bert	0.24690210600763693	0.20868669964592193	0.1866183719157987	0.176242117978615	0.18155070445202748
kassetter	NOUN.Case=Nom.Definite=Ind.Gender=Com.Number=Plur	1Bert	0.25485223680958197	0.21233377283517557	0.19202457217220398	0.17271325658865364	0.16807616159438488
av	ADP	1Bert	0.3376994115530658	0.18818204707595337	0.16928122432749818	0.1561349140535233	0.1487024029899593
plast	NOUN.Case=Nom.Definite=Ind.Gender=Com.Number=Sing	1Bert	0.26533350511423953	0.21790710091744098	0.18659134670672728	0.18150427041882214	0.14866377684277016
.	PUNCT	1Bert	0.38807835009633435	0.1648170491226524	0.1554077135012478	0.14853883289976422	0.1431580543800012

I	ADP	1Bert	0.3213471553307657	0.19852290204187178	0.17061603180127224	0.15753539649964265	0.15197851432644774
valbåset	NOUN.Case=Nom.Definite=Def.Gender=Neut.Number=Sing	1Bert	0.25093645440503715	0.22216972641583152	0.17586071813031862	0.1859811372183271	0.16505196383048557
stoppar	VERB.Mood=Ind.Tense=Pres.VerbForm=Fin.Voice=Act	1Bert	0.2752203299125339	0.20298407289717077	0.18749878532700037	0.17347137023940576	0.1608254416238892
vi	PRON.Case=Nom.Definite=Def.Gender=Com.Number=Plur.PronType=Prs	1Bert	0.27794716310172934	0.18045238934335156	0.18112943585344787	0.1806365062179522	0.179834505483519
in	ADV	1Bert	0.2713224264350215	0.2062354613857066	0.1807109816628744	0.17494343881817087	0.16678769169822658
en	DET.Definite=Ind.Gender=Com.Number=Sing.PronType=Art	1Bert	0.29413546452178435	0.20230068871913626	0.1711266834586005	0.15648224686793163	0.17595491643254732
valsedel	NOUN.Case=Nom.Definite=Ind.Gender=Com.Number=Sing	1Bert	0.27177246327571986	0.21599726194198168	0.18495597353658463	0.17991348274646674	0.14736081849924706
formad	ADJ.Case=Nom.Definite=Ind.Gender=Com.Number=Sing.Tense=Past.VerbForm=Part	1Bert	0.2156851140868087	0.21183029751732171	0.20652315785729972	0.20580414021452098	0.16015729032404905
som	SCONJ	1Bert	0.3037403287080212	0.20247459512332314	0.17306123539227558	0.1620844367330856	0.1586394040432946
hålkort	NOUN.Case=Nom.Definite=Ind.Gender=Neut.Number=Sing	1Bert	0.2298496307085628	0.22398185661877437	0.19800769415290623	0.18345574099890236	0.16470507752085423
i	ADP	1Bert	0.34247489399195735	0.19017564643555912	0.16607443772489686	0.15334199324199588	0.1479330286055908
vardera	DET.Definite=Def.Number=Sing.PronType=Tot	2Flair	0.18116696068292373	0.22721840936592264	0.19922256509914182	0.19663254287203544	0.1957595219799763
kassetten	NOUN.Case=Nom.Definite=Def.Gender=Com.Number=Sing	1Bert	0.26386158609450483	0.21213072527659932	0.18663204477751244	0.18040461035898317	0.15697103349240035
.	PUNCT	1Bert	0.38807835009633435	0.1648170491226524	0.1554077135012478	0.14853883289976422	0.1431580543800012

Vi	PRON.Case=Nom.Definite=Def.Gender=Com.Number=Plur.PronType=Prs	1Bert	0.2733154441457359	0.18160992894386932	0.18229131847291752	0.18179522686447466	0.18098808157300275
skrider	VERB.Mood=Ind.Tense=Pres.VerbForm=Fin.Voice=Act	1Bert	0.26782144336624814	0.20505622832322995	0.18941285976569625	0.17524224632823865	0.1624672222165869
fram	ADV	1Bert	0.27091910581789075	0.20812548397718927	0.17848603581058944	0.1753213702126473	0.1671480041816832
till	ADP	1Bert	0.33415007993674356	0.19274079313736603	0.16675395382821875	0.15596262629778931	0.15039254679988218
valförrättaren	NOUN.Case=Nom.Definite=Def.Gender=Com.Number=Sing	1Bert	0.26386158609450483	0.21213072527659932	0.18663204477751244	0.18040461035898317	0.15697103349240035
.	PUNCT	1Bert	0.38807835009633435	0.1648170491226524	0.1554077135012478	0.14853883289976422	0.1431580543800012

De	PRON.Case=Nom.Definite=Def.Number=Plur.PronType=Prs	1Bert	0.26464772131826075	0.20754951398629304	0.1895161670011017	0.16951962050826666	0.1687669771860778
har	VERB.Mood=Ind.Tense=Pres.VerbForm=Fin.Voice=Act	1Bert	0.31266815952616694	0.192496316010699	0.1778111204331419	0.16450847215648245	0.1525159318735096
en	DET.Definite=Ind.Gender=Com.Number=Sing.PronType=Art	1Bert	0.29413546452178435	0.20230068871913626	0.1711266834586005	0.15648224686793163	0.17595491643254732
liten	ADJ.Case=Nom.Definite=Ind.Degree=Pos.Gender=Com.Number=Sing	1Bert	0.2628394482246938	0.2138688396366495	0.18357827402928875	0.18865153797987588	0.151061900129492
låda	NOUN.Case=Nom.Definite=Ind.Gender=Com.Number=Sing	1Bert	0.26303349239055623	0.21858930040275842	0.18717550628735627	0.18207250394283908	0.1491291969764899
framför	ADP	1Bert	0.30583798838720133	0.19853548724238315	0.17612280204979172	0.16261997867737965	0.15688374364324426
sig	PRON.Case=Acc.Definite=Def.PronType=Prs	1Bert	0.2770025606033093	0.1903426759912581	0.17813769769917814	0.17765290984577842	0.17686415586047602
på	ADP	1Bert	0.3366141085211203	0.1925637844010473	0.1666008108107868	0.15581939378875712	0.14840190247828852
bordet	NOUN.Case=Nom.Definite=Def.Gender=Neut.Number=Sing	1Bert	0.25725614760347787	0.22029532668407797	0.17437701786112675	0.1844120530801004	0.16365945477121704
,	PUNCT	1Bert	0.38434964119383097	0.16433042595019523	0.1568729078165685	0.14993926694943807	0.1445077580899671
en	DET.Definite=Ind.Gender=Com.Number=Sing.PronType=Art	1Bert	0.29413546452178435	0.20230068871913626	0.1711266834586005	0.15648224686793163	0.17595491643254732
så	ADV	1Bert	0.2798879114520586	0.19876171280648497	0.1761965225905737	0.17556285162740426	0.16959100152347847
kallad	ADJ.Case=Nom.Definite=Ind.Gender=Com.Number=Sing.Tense=Past.VerbForm=Part	1Bert	0.22333760144774792	0.2097634890153666	0.20450813062317527	0.20379612836863215	0.158594650545078
valbox	NOUN.Case=Nom.Definite=Ind.Gender=Com.Number=Sing	1Bert	0.2591925949767484	0.21972853681300783	0.18815102133533224	0.18302142333374602	0.14990642354116548
.	PUNCT	1Bert	0.38807835009633435	0.1648170491226524	0.1554077135012478	0.14853883289976422	0.1431580543800012

Röstkortet	NOUN.Case=Nom.Definite=Def.Gender=Neut.Number=Sing	1Bert	0.25591865458516094	0.22069202261155968	0.1746910265778487	0.18474413234631343	0.1639541638791171
överräcks	VERB.Mood=Ind.Tense=Pres.VerbForm=Fin.Voice=Pass	1Bert	0.23227877589632928	0.2115758932609386	0.18290338129985786	0.18975343652818286	0.18348851301469135
,	PUNCT	1Bert	0.38434964119383097	0.16433042595019523	0.1568729078165685	0.14993926694943807	0.1445077580899671
en	DET.Definite=Ind.Gender=Com.Number=Sing.PronType=Art	1Bert	0.29413546452178435	0.20230068871913626	0.1711266834586005	0.15648224686793163	0.17595491643254732
valförrättare	NOUN.Case=Nom.Definite=Ind.Gender=Com.Number=Sing	1Bert	0.2591925949767484	0.21972853681300783	0.18815102133533224	0.18302142333374602	0.14990642354116548
slår	VERB.Mood=Ind.Tense=Pres.VerbForm=Fin.Voice=Act	1Bert	0.28033930302043325	0.20155043719603818	0.18617451909897986	0.1722461768242279	0.15968956386032093
i	ADP	1Bert	0.34247489399195735	0.19017564643555912	0.16607443772489686	0.15334199324199588	0.1479330286055908
röstlängden	NOUN.Case=Nom.Definite=Def.Gender=Com.Number=Sing	1Bert	0.269563688710816	0.21048756803775567	0.18518639943322535	0.17900720250566252	0.15575514131254056
.	PUNCT	1Bert	0.38807835009633435	0.1648170491226524	0.1554077135012478	0.14853883289976422	0.1431580543800012

Likaså	ADV	1Bert	0.2476686972062986	0.20971584705494287	0.18590704649035372	0.18261080187507525	0.17409760737332944
överräcks	VERB.Mood=Ind.Tense=Pres.VerbForm=Fin.Voice=Pass	1Bert	0.23227877589632928	0.2115758932609386	0.18290338129985786	0.18975343652818286	0.18348851301469135
kassetterna	NOUN.Case=Nom.Definite=Def.Gender=Com.Number=Plur	1Bert	0.25383135203835405	0.20499236140876043	0.1858210355944286	0.1809551508568106	0.17440010010164644
till	ADP	1Bert	0.33415007993674356	0.19274079313736603	0.16675395382821875	0.15596262629778931	0.15039254679988218
en	DET.Definite=Ind.Gender=Com.Number=Sing.PronType=Art	1Bert	0.29413546452178435	0.20230068871913626	0.1711266834586005	0.15648224686793163	0.17595491643254732
annan	ADJ.Case=Nom.Definite=Ind.Degree=Pos.Gender=Com.Number=Sing	1Bert	0.266651903236765	0.2127627504303905	0.18262884190185763	0.18767586789040322	0.15028063654058357
valförrättare	NOUN.Case=Nom.Definite=Ind.Gender=Com.Number=Sing	1Bert	0.2591925949767484	0.21972853681300783	0.18815102133533224	0.18302142333374602	0.14990642354116548
,	PUNCT	1Bert	0.38434964119383097	0.16433042595019523	0.1568729078165685	0.14993926694943807	0.1445077580899671
som	PRON.PronType=Rel	1Bert	0.2888711086669938	0.20393542632454933	0.18241849509749464	0.15867566091131557	0.1660993089996467
placerar	VERB.Mood=Ind.Tense=Pres.VerbForm=Fin.Voice=Act	1Bert	0.27365149879532086	0.20342344467179754	0.1879046382240955	0.17384685991552257	0.1611735583932636
dem	PRON.Case=Acc.Definite=Def.Number=Plur.PronType=Prs	1Bert	0.255748352040769	0.19345040925204995	0.1842064903838462	0.1837051867843898	0.1828895615389452
en	PRON.Definite=Ind.Gender=Com.Number=Sing.PronType=Prs	1Bert	0.23353043966473994	0.21151127426094174	0.19226496157573947	0.17816204096491034	0.1845312835336685
och	CCONJ	1Bert	0.3403156834533289	0.17830072014893683	0.16706074967359702	0.15752998754686875	0.1567928591772684
en	PRON.Definite=Ind.Gender=Com.Number=Sing.PronType=Prs	1Bert	0.2423416649249854	0.20963549074616625	0.1895808241697067	0.17799243275109267	0.18044958740804906
i	ADP	1Bert	0.34247489399195735	0.19017564643555912	0.16607443772489686	0.15334199324199588	0.1479330286055908
ett	DET.Definite=Ind.Gender=Neut.Number=Sing.PronType=Art	1Bert	0.28247322018683363	0.18784663776119429	0.18099660758573582	0.1682526848611587	0.18043084960507752
hål	NOUN.Case=Nom.Definite=Ind.Gender=Neut.Number=Sing	1Bert	0.2422741611408522	0.2203684461669934	0.19481331456169254	0.18049612229597795	0.16204795583448386
i	ADP	1Bert	0.34247489399195735	0.19017564643555912	0.16607443772489686	0.15334199324199588	0.1479330286055908
boxen	NOUN.Case=Nom.Definite=Def.Gender=Com.Number=Sing	1Bert	0.26386158609450483	0.21213072527659932	0.18663204477751244	0.18040461035898317	0.15697103349240035
.	PUNCT	1Bert	0.38807835009633435	0.1648170491226524	0.1554077135012478	0.14853883289976422	0.1431580543800012

Klarsignal	NOUN.Case=Nom.Definite=Ind.Gender=Com.Number=Sing	1Bert	0.2529682638890568	0.2207630509932623	0.19021212918394104	0.1832717854278682	0.1527847705058716
från	ADP	1Bert	0.327420454773694	0.19236274167542347	0.1706468981663409	0.15756389643020757	0.15200600895433397
röstlängdsläsaren	NOUN.Case=Nom.Definite=Def.Gender=Com.Number=Sing	1Bert	0.26386158609450483	0.21213072527659932	0.18663204477751244	0.18040461035898317	0.15697103349240035
,	PUNCT	1Bert	0.38434964119383097	0.16433042595019523	0.1568729078165685	0.14993926694943807	0.1445077580899671
tre	NUM.Case=Nom.NumType=Card	1Bert	0.29626366470765453	0.19865639596785187	0.16269878610254696	0.1808455331077552	0.16153562011419148
tryck	NOUN.Case=Nom.Definite=Ind.Gender=Neut.Number=Plur	1Bert	0.23051837790077837	0.2187821107879062	0.1986619830740908	0.18354587517670187	0.1684916530605228
i	ADP	1Bert	0.34247489399195735	0.19017564643555912	0.16607443772489686	0.15334199324199588	0.1479330286055908
följd	NOUN.Case=Nom.Definite=Ind.Gender=Com.Number=Sing	1Bert	0.27829393735905356	0.21406294818043137	0.18329964288833386	0.17830230896381752	0.1460411626083637
på	ADP	1Bert	0.3366141085211203	0.1925637844010473	0.1666008108107868	0.15581939378875712	0.14840190247828852
en	DET.Definite=Ind.Gender=Com.Number=Sing.PronType=Art	1Bert	0.29413546452178435	0.20230068871913626	0.1711266834586005	0.15648224686793163	0.17595491643254732
mojäng	NOUN.Case=Nom.Definite=Ind.Gender=Com.Number=Sing	1Bert	0.2591925949767484	0.21972853681300783	0.18815102133533224	0.18302142333374602	0.14990642354116548
ovanpå	ADP	1Bert	0.28510957645518376	0.20446396689675442	0.18138201521679753	0.16747598325557442	0.1615684581756899
boxen	NOUN.Case=Nom.Definite=Def.Gender=Com.Number=Sing	1Bert	0.26386158609450483	0.21213072527659932	0.18663204477751244	0.18040461035898317	0.15697103349240035
:	PUNCT	1Bert	0.3572902216437324	0.17398175270921837	0.165865600336928	0.15422458430833613	0.148637841001785
korten	NOUN.Case=Nom.Definite=Def.Gender=Neut.Number=Plur	1Bert	0.2355762187578654	0.20929788438036726	0.19247465637995476	0.18536225689926636	0.1772889835825461
åker	VERB.Mood=Ind.Tense=Pres.VerbForm=Fin.Voice=Act	1Bert	0.28088272018785865	0.20139824607578646	0.18603393836386373	0.17211611340697788	0.15956898196551328
ur	ADP	1Bert	0.31043970796420267	0.2007642000287751	0.17369558149580594	0.16037884606910513	0.15472166444211122
kassetterna	NOUN.Case=Nom.Definite=Def.Gender=Com.Number=Plur	1Bert	0.25383135203835405	0.20499236140876043	0.1858210355944286	0.1809551508568106	0.17440010010164644
ned	ADV	1Bert	0.26143941668947107	0.2051606350036381	0.18186898245996375	0.1812149111332904	0.17031605471363678
i	ADP	1Bert	0.34247489399195735	0.19017564643555912	0.16607443772489686	0.15334199324199588	0.1479330286055908
lådan	NOUN.Case=Nom.Definite=Def.Gender=Com.Number=Sing	1Bert	0.267430745805926	0.21110221158418788	0.18572716118157828	0.17952992041632437	0.15620996101198342
.	PUNCT	1Bert	0.38807835009633435	0.1648170491226524	0.1554077135012478	0.14853883289976422	0.1431580543800012

Kassetterna	NOUN.Case=Nom.Definite=Def.Gender=Com.Number=Plur	1Bert	0.25383135203835405	0.20499236140876043	0.1858210355944286	0.1809551508568106	0.17440010010164644
samlas	VERB.Mood=Ind.Tense=Pres.VerbForm=Fin.Voice=Pass	1Bert	0.23955431699398838	0.20957083067003385	0.1811700423927545	0.18795518101232855	0.18174962893089475
i	ADP	1Bert	0.34247489399195735	0.19017564643555912	0.16607443772489686	0.15334199324199588	0.1479330286055908
hög	NOUN.Case=Nom.Definite=Ind.Gender=Com.Number=Sing	1Bert	0.26580410221748924	0.2138751239523213	0.18350426080516036	0.1866946952573084	0.1501218177677209
på	ADP	1Bert	0.3366141085211203	0.1925637844010473	0.1666008108107868	0.15581939378875712	0.14840190247828852
bordet	NOUN.Case=Nom.Definite=Def.Gender=Neut.Number=Sing	1Bert	0.25725614760347787	0.22029532668407797	0.17437701786112675	0.1844120530801004	0.16365945477121704
och	CCONJ	1Bert	0.3403156834533289	0.17830072014893683	0.16706074967359702	0.15752998754686875	0.1567928591772684
hämtas	VERB.Mood=Ind.Tense=Pres.VerbForm=Fin.Voice=Pass	1Bert	0.2365451123579019	0.2106970655310979	0.1796103061512348	0.19133425093295334	0.181813265026812
småningom	ADV	1Bert	0.25815866939280757	0.20679171855662393	0.1833148909603125	0.1800646068337254	0.17167011425653064
tillbaka	ADV	1Bert	0.2649889970458602	0.20667106203379684	0.18022333630664614	0.17702786731790546	0.17108873729579122
till	ADP	1Bert	0.33415007993674356	0.19274079313736603	0.16675395382821875	0.15596262629778931	0.15039254679988218
entredörren	NOUN.Case=Nom.Definite=Def.Gender=Com.Number=Sing	1Bert	0.26386158609450483	0.21213072527659932	0.18663204477751244	0.18040461035898317	0.15697103349240035
för	ADP	1Bert	0.3353483180339646	0.1935632704651941	0.16635358827407376	0.15359974212985478	0.15113508109691284
ny	ADJ.Case=Nom.Definite=Ind.Degree=Pos.Gender=Com.Number=Sing	1Bert	0.2647645097278011	0.21331033081668188	0.18309886765398892	0.18815888300479294	0.15066740879673532
användning	NOUN.Case=Nom.Definite=Ind.Gender=Com.Number=Sing	1Bert	0.27351052783006946	0.21548174012237764	0.18451453812593654	0.17948408227554002	0.14700911164607647
.	PUNCT	1Bert	0.38807835009633435	0.1648170491226524	0.1554077135012478	0.14853883289976422	0.1431580543800012

Det	PRON.Definite=Def.Gender=Neut.Number=Sing.PronType=Prs	1Bert	0.30723356375688127	0.18758158845168954	0.16895083247303425	0.16849104595697065	0.16774296936142433
är	AUX.Mood=Ind.Tense=Pres.VerbForm=Fin.Voice=Act	1Bert	0.3041419376917803	0.1928035084839353	0.17424706644097368	0.1640042730491675	0.1648032143341433
returglasens	NOUN.Case=Gen.Definite=Def.Gender=Neut.Number=Plur	1Bert	0.22254788820933447	0.2034522979308708	0.21320331146877802	0.18531840029374486	0.1754781020972717
problematik	NOUN.Case=Nom.Definite=Ind.Gender=Com.Number=Sing	1Bert	0.26533350511423953	0.21790710091744098	0.18659134670672728	0.18150427041882214	0.14866377684277016
omsatt	ADJ.Case=Nom.Definite=Ind.Gender=Com.Number=Sing.Tense=Past.VerbForm=Part	1Bert	0.21657953854032813	0.20024276970988739	0.2049238844151249	0.20070696771762506	0.17754683961703446
och	CCONJ	1Bert	0.3403156834533289	0.17830072014893683	0.16706074967359702	0.15752998754686875	0.1567928591772684
löst	ADJ.Case=Nom.Definite=Ind.Gender=Neut.Number=Sing.Tense=Past.VerbForm=Part	1Bert	0.22974324824219566	0.20576718119187593	0.1997665550313957	0.18808520010368254	0.17663781543085014
i	ADP	1Bert	0.34247489399195735	0.19017564643555912	0.16607443772489686	0.15334199324199588	0.1479330286055908
valhanteringen	NOUN.Case=Nom.Definite=Def.Gender=Com.Number=Sing	1Bert	0.26386158609450483	0.21213072527659932	0.18663204477751244	0.18040461035898317	0.15697103349240035
.	PUNCT	1Bert	0.38807835009633435	0.1648170491226524	0.1554077135012478	0.14853883289976422	0.1431580543800012

-	PUNCT	1Bert	0.36123669297060873	0.1727069516756309	0.1620716890628349	0.15482719477380022	0.14915747151712533
Att	PART	1Bert	0.2988887067072047	0.1752187673879566	0.1758761776632934	0.17539754436032168	0.17461880388122367
trycka	VERB.VerbForm=Inf.Voice=Act	1Bert	0.26385563181505206	0.21420188137714624	0.17344438760821188	0.17910999536568517	0.16938810383390476
och	CCONJ	1Bert	0.3403156834533289	0.17830072014893683	0.16706074967359702	0.15752998754686875	0.1567928591772684
distribuera	VERB.VerbForm=Inf.Voice=Act	1Bert	0.26038806387196356	0.21521086767020717	0.17426138794723742	0.17995368324140457	0.1701859972691873
90	NUM.Case=Nom.NumType=Card	1Bert	0.28572470104055553	0.20163142004199222	0.16513531880581225	0.18355382655119096	0.16395473356044912
miljoner	NOUN.Case=Nom.Definite=Ind.Gender=Com.Number=Plur	1Bert	0.27840971714120805	0.2056209449580739	0.185953809693139	0.16725301186124839	0.16276251634633077
valkuvert	NOUN.Case=Nom.Definite=Ind.Gender=Neut.Number=Plur	1Bert	0.23196243636072267	0.22197467764436943	0.19701547598156188	0.18328257340356907	0.16576483660977698
kostade	VERB.Mood=Ind.Tense=Past.VerbForm=Fin.Voice=Act	1Bert	0.24268501479242904	0.21605594385650945	0.18066452993605198	0.19046581869038987	0.17012869272461953
samhället	NOUN.Case=Nom.Definite=Def.Gender=Neut.Number=Sing	1Bert	0.27186287996742947	0.21596301902845602	0.1709477354482153	0.1807854225865102	0.16044094296938902
3,5	NUM.Case=Nom.NumType=Card	1Bert	0.2725080905369082	0.2053623119654208	0.16819090422537186	0.18695021928031832	0.16698847399198088
miljoner	NOUN.Case=Nom.Definite=Ind.Gender=Com.Number=Plur	1Bert	0.27840971714120805	0.2056209449580739	0.185953809693139	0.16725301186124839	0.16276251634633077
kr	NOUN.Abbr=Yes	1Bert	0.24375337368722977	0.21959330876122038	0.19817392015579416	0.1768014170290907	0.16167798036666503
senaste	ADJ.Case=Nom.Definite=Def.Degree=Sup	1Bert	0.24268103491803533	0.21283346209780366	0.17886215350596749	0.18803991708961074	0.17758343238858293
val	NOUN.Case=Nom.Definite=Ind.Gender=Neut.Number=Sing	1Bert	0.24675884804677217	0.21906417035334155	0.19366028971271934	0.1794278353843836	0.16108885650278337
,	PUNCT	1Bert	0.38434964119383097	0.16433042595019523	0.1568729078165685	0.14993926694943807	0.1445077580899671
det	DET.Definite=Def.Gender=Neut.Number=Sing.PronType=Art	1Bert	0.2777442073750135	0.19544384114229402	0.17618366455141862	0.1757041944468582	0.17492409248441573
nya	ADJ.Case=Nom.Definite=Def.Degree=Pos.Number=Sing	1Bert	0.25002289788572013	0.20472244297993264	0.18318531496320167	0.1779216379833179	0.18414770618782764
förfarandet	NOUN.Case=Nom.Definite=Def.Gender=Neut.Number=Sing	1Bert	0.25725614760347787	0.22029532668407797	0.17437701786112675	0.1844120530801004	0.16365945477121704
blir	VERB.Mood=Ind.Tense=Pres.VerbForm=Fin.Voice=Act	1Bert	0.30015907424769667	0.19543093307413759	0.18052186087174452	0.1690470860533434	0.15484104575307786
betydligt	ADV	1Bert	0.26251345508298995	0.20557780180695787	0.1822387887926186	0.17900758460970612	0.17066236970772744
billigare	ADJ.Case=Nom.Degree=Cmp	1Bert	0.23685088239431826	0.22047830617971528	0.20477488616317513	0.17649664604244042	0.16139927922035088
,	PUNCT	1Bert	0.38434964119383097	0.16433042595019523	0.1568729078165685	0.14993926694943807	0.1445077580899671
säger	VERB.Mood=Ind.Tense=Pres.VerbForm=Fin.Voice=Act	1Bert	0.29660331571637555	0.19699548667117692	0.1819670575063222	0.16835348959196084	0.15608065051416456
avdelningsdirektör	NOUN.Case=Nom.Definite=Ind.Gender=Com.Number=Sing	1Bert	0.2591925949767484	0.21972853681300783	0.18815102133533224	0.18302142333374602	0.14990642354116548
